0 0.01 0 0.00392093 0 0.00392093 0
0.001 0.00999961 -0.000388185 0.00392062 7.53437e-008 0.00392081 6.38593e-015
0.002 0.00999884 -0.00116454 0.00392002 6.78076e-007 0.00392077 6.14809e-015
0.003 0.00999728 -0.00194085 0.00391882 1.88345e-006 0.00392076 5.40562e-015
0.004 0.00999495 -0.00271707 0.00391701 3.69124e-006 0.00392074 4.72609e-015
0.005 0.00999185 -0.00349315 0.0039146 6.10105e-006 0.00392074 4.16392e-015
0.006 0.00998797 -0.00426902 0.00391159 9.11228e-006 0.00392073 3.70297e-015
0.007 0.00998331 -0.00504463 0.00390798 1.27242e-005 0.00392073 3.32093e-015
0.008 0.00997788 -0.00581992 0.00390377 1.69357e-005 0.00392073 2.99958e-015
0.009 0.00997167 -0.00659483 0.00389896 2.17459e-005 0.00392072 2.7256e-015
0.01 0.00996469 -0.0073693 0.00389356 2.71533e-005 0.00392072 2.48967e-015
0.011 0.00995693 -0.00814327 0.00388756 3.31564e-005 0.00392072 2.28564e-015
0.012 0.0099484 -0.00891669 0.00388097 3.97537e-005 0.00392072 2.10989e-015
0.013 0.0099391 -0.00968949 0.00387378 4.69431e-005 0.00392072 1.96097e-015
0.014 0.00992903 -0.0104616 0.00386601 5.47228e-005 0.00392072 1.83928e-015
0.015 0.00991818 -0.011233 0.00385765 6.30905e-005 0.00392072 1.74707e-015
0.016 0.00990656 -0.0120036 0.00384871 7.20437e-005 0.00392073 1.68831e-015
0.017 0.00989417 -0.0127734 0.00383919 8.158e-005 0.00392073 1.66884e-015
0.018 0.00988101 -0.0135423 0.00382908 9.16966e-005 0.00392073 1.69638e-015
0.019 0.00986709 -0.0143102 0.0038184 0.000102391 0.00392073 1.7807e-015
0.02 0.00985239 -0.0150771 0.00380715 0.000113659 0.00392074 1.93377e-015
0.021 0.00983694 -0.0158429 0.00379533 0.000125498 0.00392074 2.16994e-015
0.022 0.00982071 -0.0166075 0.00378294 0.000137905 0.00392075 2.50615e-015
0.023 0.00980372 -0.017371 0.00376999 0.000150876 0.00392075 2.96214e-015
0.024 0.00978597 -0.0181332 0.00375648 0.000164407 0.00392076 3.56071e-015
0.025 0.00976746 -0.0188941 0.00374242 0.000178494 0.00392076 4.32794e-015
0.026 0.00974818 -0.0196537 0.00372781 0.000193133 0.00392077 5.29346e-015
0.027 0.00972815 -0.0204118 0.00371265 0.00020832 0.00392078 6.49073e-015
0.028 0.00970736 -0.0211684 0.00369696 0.000224051 0.00392079 7.95731e-015
0.029 0.00968581 -0.0219235 0.00368072 0.00024032 0.00392079 9.73518e-015
0.03 0.00966352 -0.022677 0.00366396 0.000257123 0.0039208 1.1871e-014
0.031 0.00964046 -0.0234289 0.00364666 0.000274456 0.00392081 1.44165e-014
0.032 0.00961666 -0.024179 0.00362885 0.000292312 0.00392082 1.74286e-014
0.033 0.00959211 -0.0249274 0.00361052 0.000310686 0.00392083 2.09699e-014
0.034 0.00956681 -0.0256739 0.00359168 0.000329574 0.00392085 2.51093e-014
0.035 0.00954076 -0.0264185 0.00357233 0.00034897 0.00392086 2.99215e-014
0.036 0.00951397 -0.0271613 0.00355249 0.000368867 0.00392087 3.54881e-014
0.037 0.00948644 -0.027902 0.00353215 0.000389261 0.00392089 4.18979e-014
0.038 0.00945817 -0.0286407 0.00351133 0.000410144 0.0039209 4.92467e-014
0.039 0.00942916 -0.0293772 0.00349003 0.000431511 0.00392092 5.76382e-014
0.04 0.00939942 -0.0301116 0.00346825 0.000453355 0.00392093 6.71841e-014
0.041 0.00936894 -0.0308438 0.003446 0.00047567 0.00392095 7.80046e-014
0.042 0.00933773 -0.0315737 0.0034233 0.00049845 0.00392097 9.02285e-014
0.043 0.00930579 -0.0323013 0.00340014 0.000521687 0.00392099 1.03994e-013
0.044 0.00927313 -0.0330265 0.00337653 0.000545374 0.00392101 1.19448e-013
0.045 0.00923974 -0.0337492 0.00335248 0.000569505 0.00392103 1.36749e-013
0.046 0.00920564 -0.0344695 0.003328 0.000594072 0.00392105 1.56064e-013
0.047 0.00917081 -0.0351871 0.0033031 0.000619068 0.00392108 1.77572e-013
0.048 0.00913526 -0.0359022 0.00327778 0.000644485 0.0039211 2.0146e-013
0.049 0.00909901 -0.0366147 0.00325205 0.000670316 0.00392113 2.27931e-013
0.05 0.00906204 -0.0373244 0.00322591 0.000696554 0.00392115 2.57196e-013
0.051 0.00902436 -0.0380313 0.00319938 0.000723189 0.00392118 2.8948e-013
0.052 0.00898598 -0.0387354 0.00317247 0.000750215 0.00392121 3.25018e-013
0.053 0.00894689 -0.0394366 0.00314517 0.000777623 0.00392124 3.64061e-013
0.054 0.00890711 -0.0401349 0.00311751 0.000805405 0.00392127 4.0687e-013
0.055 0.00886663 -0.0408302 0.00308949 0.000833552 0.0039213 4.53721e-013
0.056 0.00882545 -0.0415224 0.00306111 0.000862057 0.00392133 5.04904e-013
0.057 0.00878358 -0.0422116 0.00303239 0.00089091 0.00392137 5.60723e-013
0.058 0.00874103 -0.0428976 0.00300334 0.000920103 0.0039214 6.21494e-013
0.059 0.00869779 -0.0435804 0.00297395 0.000949626 0.00392144 6.87551e-013
0.06 0.00865387 -0.04426 0.00294425 0.000979472 0.00392148 7.59241e-013
0.061 0.00860927 -0.0449362 0.00291424 0.00100963 0.00392151 8.36927e-013
0.062 0.008564 -0.0456091 0.00288394 0.00104009 0.00392155 9.20987e-013
0.063 0.00851806 -0.0462786 0.00285334 0.00107085 0.0039216 1.01182e-012
0.064 0.00847145 -0.0469446 0.00282246 0.0011019 0.00392164 1.10982e-012
0.065 0.00842417 -0.0476071 0.00279131 0.00113322 0.00392168 1.21544e-012
0.066 0.00837624 -0.048266 0.0027599 0.0011648 0.00392173 1.3291e-012
0.067 0.00832765 -0.0489213 0.00272823 0.00119665 0.00392177 1.45127e-012
0.068 0.0082784 -0.0495729 0.00269632 0.00122874 0.00392182 1.58242e-012
0.069 0.0082285 -0.0502208 0.00266418 0.00126107 0.00392187 1.72305e-012
0.07 0.00817796 -0.050865 0.00263182 0.00129362 0.00392192 1.87368e-012
0.071 0.00812678 -0.0515053 0.00259925 0.0013264 0.00392197 2.03482e-012
0.072 0.00807496 -0.0521417 0.00256647 0.00135938 0.00392202 2.20704e-012
0.073 0.0080225 -0.0527742 0.0025335 0.00139256 0.00392208 2.39088e-012
0.074 0.00796941 -0.0534028 0.00250034 0.00142593 0.00392214 2.58694e-012
0.075 0.0079157 -0.0540273 0.00246702 0.00145947 0.00392219 2.79582e-012
0.076 0.00786136 -0.0546477 0.00243353 0.00149319 0.00392225 3.01814e-012
0.077 0.00780641 -0.0552641 0.00239989 0.00152706 0.00392231 3.25452e-012
0.078 0.00775084 -0.0558762 0.0023661 0.00156108 0.00392237 3.50564e-012
0.079 0.00769466 -0.0564842 0.00233219 0.00159523 0.00392244 3.77216e-012
0.08 0.00763787 -0.0570878 0.00229815 0.00162951 0.0039225 4.05478e-012
0.081 0.00758049 -0.0576872 0.00226401 0.00166391 0.00392257 4.35421e-012
0.082 0.0075225 -0.0582822 0.00222976 0.00169841 0.00392263 4.67118e-012
0.083 0.00746393 -0.0588728 0.00219543 0.001733 0.0039227 5.00644e-012
0.084 0.00740476 -0.0594589 0.00216102 0.00176768 0.00392277 5.36075e-012
0.085 0.00734501 -0.0600406 0.00212654 0.00180243 0.00392285 5.7349e-012
0.086 0.00728468 -0.0606177 0.002092 0.00183725 0.00392292 6.1297e-012
0.087 0.00722378 -0.0611901 0.00205742 0.00187212 0.00392299 6.54597e-012
0.088 0.00716231 -0.061758 0.0020228 0.00190703 0.00392307 6.98454e-012
0.089 0.00710027 -0.0623212 0.00198815 0.00194196 0.00392315 7.44628e-012
0.09 0.00703767 -0.0628796 0.00195349 0.00197692 0.00392323 7.93206e-012
0.091 0.00697452 -0.0634332 0.00191883 0.00201189 0.00392331 8.44277e-012
0.092 0.00691081 -0.0639821 0.00188418 0.00204685 0.00392339 8.97933e-012
0.093 0.00684656 -0.064526 0.00184954 0.00208181 0.00392348 9.54266e-012
0.094 0.00678176 -0.0650651 0.00181494 0.00211673 0.00392356 1.01337e-011
0.095 0.00671643 -0.0655992 0.00178037 0.00215163 0.00392365 1.07534e-011
0.096 0.00665057 -0.0661283 0.00174585 0.00218648 0.00392374 1.14028e-011
0.097 0.00658418 -0.0666524 0.0017114 0.00222127 0.00392383 1.20829e-011
0.098 0.00651727 -0.0671714 0.00167701 0.002256 0.00392393 1.27946e-011
0.099 0.00644984 -0.0676852 0.00164271 0.00229065 0.00392402 1.3539e-011
0.1 0.0063819 -0.0681939 0.00160851 0.00232521 0.00392412 1.43171e-011
0.101 0.00631346 -0.0686974 0.00157441 0.00235967 0.00392421 1.513e-011
0.102 0.00624451 -0.0691957 0.00154042 0.00239402 0.00392431 1.59788e-011
0.103 0.00617507 -0.0696886 0.00150656 0.00242825 0.00392441 1.68645e-011
0.104 0.00610514 -0.0701762 0.00147284 0.00246235 0.00392452 1.77883e-011
0.105 0.00603473 -0.0706585 0.00143926 0.00249631 0.00392462 1.87512e-011
0.106 0.00596383 -0.0711353 0.00140584 0.00253012 0.00392473 1.97543e-011
0.107 0.00589246 -0.0716067 0.00137259 0.00256376 0.00392483 2.07989e-011
0.108 0.00582062 -0.0720726 0.00133952 0.00259723 0.00392494 2.1886e-011
0.109 0.00574832 -0.072533 0.00130663 0.00263052 0.00392505 2.30168e-011
0.11 0.00567556 -0.0729878 0.00127395 0.00266361 0.00392517 2.41925e-011
0.111 0.00560235 -0.073437 0.00124148 0.00269649 0.00392528 2.54142e-011
0.112 0.00552869 -0.0738805 0.00120923 0.00272916 0.0039254 2.66832e-011
0.113 0.0054546 -0.0743184 0.0011772 0.00276161 0.00392552 2.80006e-011
0.114 0.00538006 -0.0747505 0.00114542 0.00279382 0.00392563 2.93676e-011
0.115 0.0053051 -0.0751769 0.00111389 0.00282579 0.00392576 3.07855e-011
0.116 0.00522972 -0.0755975 0.00108262 0.00285749 0.00392588 3.22554e-011
0.117 0.00515391 -0.0760123 0.00105163 0.00288894 0.003926 3.37786e-011
0.118 0.0050777 -0.0764213 0.00102091 0.0029201 0.00392613 3.53563e-011
0.119 0.00500108 -0.0768243 0.000990482 0.00295099 0.00392626 3.69897e-011
0.12 0.00492405 -0.0772214 0.000960356 0.00298157 0.00392639 3.86801e-011
0.121 0.00484664 -0.0776125 0.00093054 0.00301185 0.00392652 4.04287e-011
0.122 0.00476883 -0.0779977 0.000901043 0.00304182 0.00392665 4.22368e-011
0.123 0.00469065 -0.0783768 0.000871876 0.00307146 0.00392679 4.41055e-011
0.124 0.00461209 -0.0787498 0.000843048 0.00310077 0.00392692 4.60361e-011
0.125 0.00453316 -0.0791168 0.000814567 0.00312973 0.00392706 4.80299e-011
0.126 0.00445386 -0.0794776 0.000786443 0.00315835 0.0039272 5.00881e-011
0.127 0.00437421 -0.0798323 0.000758686 0.0031866 0.00392734 5.2212e-011
0.128 0.0042942 -0.0801808 0.000731303 0.00321448 0.00392748 5.44027e-011
0.129 0.00421385 -0.080523 0.000704305 0.00324198 0.00392763 5.66615e-011
0.13 0.00413316 -0.080859 0.0006777 0.00326909 0.00392777 5.89896e-011
0.131 0.00405214 -0.0811888 0.000651496 0.00329581 0.00392792 6.13883e-011
0.132 0.00397079 -0.0815122 0.000625702 0.00332212 0.00392807 6.38587e-011
0.133 0.00388912 -0.0818293 0.000600326 0.00334801 0.00392822 6.64021e-011
0.134 0.00380714 -0.08214 0.000575377 0.00337349 0.00392838 6.90196e-011
0.135 0.00372485 -0.0824443 0.000550863 0.00339853 0.00392853 7.17125e-011
0.136 0.00364226 -0.0827422 0.000526792 0.00342313 0.00392869 7.4482e-011
0.137 0.00355937 -0.0830336 0.000503172 0.00344729 0.00392884 7.73291e-011
0.138 0.0034762 -0.0833186 0.000480011 0.00347099 0.003929 8.0255e-011
0.139 0.00339274 -0.0835971 0.000457315 0.00349423 0.00392916 8.3261e-011
0.14 0.00330901 -0.083869 0.000435094 0.003517 0.00392933 8.6348e-011
0.141 0.00322501 -0.0841344 0.000413354 0.0035393 0.00392949 8.95173e-011
0.142 0.00314075 -0.0843932 0.000392102 0.00356111 0.00392966 9.27699e-011
0.143 0.00305623 -0.0846454 0.000371346 0.00358242 0.00392982 9.61069e-011
0.144 0.00297146 -0.084891 0.000351092 0.00360324 0.00392999 9.95294e-011
0.145 0.00288645 -0.0851299 0.000331347 0.00362355 0.00393016 1.03038e-010
0.146 0.00280121 -0.0853622 0.000312118 0.00364335 0.00393034 1.06635e-010
0.147 0.00271573 -0.0855878 0.000293411 0.00366263 0.00393051 1.1032e-010
0.148 0.00263004 -0.0858066 0.000275233 0.00368139 0.00393069 1.14095e-010
0.149 0.00254413 -0.0860188 0.00025759 0.00369961 0.00393086 1.1796e-010
0.15 0.00245801 -0.0862241 0.000240488 0.0037173 0.00393104 1.21916e-010
0.151 0.00237169 -0.0864227 0.000223932 0.00373444 0.00393122 1.25965e-010
0.152 0.00228517 -0.0866145 0.000207928 0.00375104 0.0039314 1.30107e-010
0.153 0.00219846 -0.0867995 0.000192482 0.00376708 0.00393158 1.34343e-010
0.154 0.00211158 -0.0869776 0.000177599 0.00378255 0.00393177 1.38674e-010
0.155 0.00202452 -0.0871489 0.000163284 0.00379747 0.00393195 1.43101e-010
0.156 0.00193729 -0.0873133 0.000149543 0.00381181 0.00393214 1.47624e-010
0.157 0.0018499 -0.0874709 0.000136379 0.00382558 0.00393233 1.52244e-010
0.158 0.00176235 -0.0876215 0.000123798 0.00383876 0.00393252 1.56963e-010
0.159 0.00167466 -0.0877652 0.000111805 0.00385137 0.00393271 1.6178e-010
0.16 0.00158683 -0.087902 0.000100402 0.00386338 0.00393291 1.66696e-010
0.161 0.00149886 -0.0880318 8.95948e-005 0.0038748 0.0039331 1.71713e-010
0.162 0.00141077 -0.0881547 7.93868e-005 0.00388562 0.0039333 1.76829e-010
0.163 0.00132256 -0.0882705 6.97819e-005 0.00389584 0.00393349 1.82047e-010
0.164 0.00123424 -0.0883794 6.07835e-005 0.00390546 0.00393369 1.87367e-010
0.165 0.00114581 -0.0884813 5.2395e-005 0.00391447 0.00393389 1.92788e-010
0.166 0.00105728 -0.0885762 4.46194e-005 0.00392287 0.00393409 1.98312e-010
0.167 0.000968664 -0.088664 3.74598e-005 0.00393065 0.00393429 2.03939e-010
0.168 0.000879961 -0.0887448 3.09188e-005 0.00393782 0.0039345 2.09669e-010
0.169 0.000791181 -0.0888185 2.49991e-005 0.00394437 0.0039347 2.15503e-010
0.17 0.000702331 -0.0888852 1.97031e-005 0.00395029 0.00393491 2.2144e-010
0.171 0.000613418 -0.0889448 1.50328e-005 0.00395559 0.00393512 2.27482e-010
0.172 0.000524449 -0.0889973 1.09903e-005 0.00396026 0.00393533 2.33628e-010
0.173 0.00043543 -0.0890428 7.57739e-006 0.00396431 0.00393554 2.39879e-010
0.174 0.00034637 -0.0890811 4.79557e-006 0.00396772 0.00393575 2.46234e-010
0.175 0.000257275 -0.0891124 2.64626e-006 0.00397051 0.00393596 2.52694e-010
0.176 0.000168153 -0.0891365 1.13063e-006 0.00397266 0.00393617 2.59259e-010
0.177 7.90095e-005 -0.0891535 2.49661e-007 0.00397417 0.00393639 2.65929e-010
0.178 -1.01471e-005 -0.0891634 4.11865e-009 0.00397505 0.00393661 2.72703e-010
0.179 -9.93101e-005 -0.0891661 3.94578e-007 0.0039753 0.00393682 2.79582e-010
0.18 -0.000188472 -0.0891617 1.42141e-006 0.00397491 0.00393704 2.86566e-010
0.181 -0.000277626 -0.0891502 3.08477e-006 0.00397388 0.00393726 2.93654e-010
0.182 -0.000366766 -0.0891316 5.38463e-006 0.00397222 0.00393748 3.00846e-010
0.183 -0.000455882 -0.0891058 8.32073e-006 0.00396992 0.0039377 3.08142e-010
0.184 -0.00054497 -0.0890728 1.18926e-005 0.00396698 0.00393792 3.15541e-010
0.185 -0.000634021 -0.0890327 1.60997e-005 0.00396341 0.00393815 3.23044e-010
0.186 -0.000723028 -0.0889855 2.09411e-005 0.00395921 0.00393837 3.30649e-010
0.187 -0.000811985 -0.0889311 2.64156e-005 0.00395437 0.0039386 3.38357e-010
0.188 -0.000900883 -0.0888695 3.25222e-005 0.0039489 0.00393882 3.46166e-010
0.189 -0.000989717 -0.0888009 3.92592e-005 0.0039428 0.00393905 3.54077e-010
0.19 -0.00107848 -0.088725 4.66251e-005 0.00393606 0.00393928 3.62088e-010
0.191 -0.00116716 -0.088642 5.46178e-005 0.0039287 0.00393951 3.702e-010
0.192 -0.00125575 -0.0885519 6.32354e-005 0.00392072 0.00393974 3.78411e-010
0.193 -0.00134426 -0.0884546 7.24756e-005 0.00391211 0.00393997 3.8672e-010
0.194 -0.00143266 -0.0883502 8.23359e-005 0.00390288 0.0039402 3.95128e-010
0.195 -0.00152095 -0.0882387 9.28135e-005 0.00389303 0.00394044 4.03632e-010
0.196 -0.00160913 -0.08812 0.000103906 0.00388257 0.00394067 4.12233e-010
0.197 -0.00169718 -0.0879942 0.000115609 0.00387149 0.0039409 4.20929e-010
0.198 -0.00178511 -0.0878613 0.00012792 0.0038598 0.00394114 4.29719e-010
0.199 -0.0018729 -0.0877213 0.000140837 0.00384751 0.00394138 4.38602e-010
0.2 -0.00196054 -0.0875742 0.000154354 0.00383462 0.00394161 4.47578e-010
0.201 -0.00204804 -0.0874199 0.000168467 0.00382112 0.00394185 4.56645e-010
0.202 -0.00213538 -0.0872586 0.000183174 0.00380703 0.00394209 4.65802e-010
0.203 -0.00222255 -0.0870902 0.00019847 0.00379235 0.00394233 4.75048e-010
0.204 -0.00230955 -0.0869148 0.000214349 0.00377709 0.00394257 4.84381e-010
0.205 -0.00239637 -0.0867323 0.000230808 0.00376124 0.00394281 4.93801e-010
0.206 -0.00248301 -0.0865427 0.000247841 0.00374482 0.00394305 5.03305e-010
0.207 -0.00256945 -0.0863461 0.000265444 0.00372782 0.00394329 5.12894e-010
0.208 -0.00265569 -0.0861424 0.000283611 0.00371026 0.00394353 5.22564e-010
0.209 -0.00274173 -0.0859318 0.000302337 0.00369214 0.00394377 5.32316e-010
0.21 -0.00282755 -0.0857141 0.000321616 0.00367346 0.00394402 5.42147e-010
0.211 -0.00291315 -0.0854895 0.000341442 0.00365423 0.00394426 5.52055e-010
0.212 -0.00299852 -0.0852579 0.00036181 0.00363445 0.0039445 5.6204e-010
0.213 -0.00308366 -0.0850193 0.000382712 0.00361414 0.00394475 5.721e-010
0.214 -0.00316855 -0.0847738 0.000404143 0.0035933 0.00394499 5.82232e-010
0.215 -0.0032532 -0.0845213 0.000426097 0.00357193 0.00394524 5.92436e-010
0.216 -0.00333759 -0.084262 0.000448566 0.00355004 0.00394549 6.0271e-010
0.217 -0.00342172 -0.0839957 0.000471543 0.00352764 0.00394573 6.13051e-010
0.218 -0.00350557 -0.0837226 0.000495022 0.00350474 0.00394598 6.23459e-010
0.219 -0.00358915 -0.0834426 0.000518995 0.00348134 0.00394623 6.33931e-010
0.22 -0.00367245 -0.0831558 0.000543455 0.00345744 0.00394647 6.44465e-010
0.221 -0.00375546 -0.0828621 0.000568395 0.00343307 0.00394672 6.5506e-010
0.222 -0.00383817 -0.0825617 0.000593805 0.00340822 0.00394697 6.65714e-010
0.223 -0.00392058 -0.0822545 0.00061968 0.0033829 0.00394722 6.76425e-010
0.224 -0.00400267 -0.0819405 0.000646009 0.00335712 0.00394747 6.8719e-010
0.225 -0.00408445 -0.0816198 0.000672786 0.00333089 0.00394771 6.98008e-010
0.226 -0.0041659 -0.0812923 0.000700002 0.00330422 0.00394796 7.08877e-010
0.227 -0.00424703 -0.0809582 0.000727649 0.00327712 0.00394821 7.19794e-010
0.228 -0.00432781 -0.0806174 0.000755717 0.00324958 0.00394846 7.30759e-010
0.229 -0.00440826 -0.08027 0.000784197 0.00322163 0.00394871 7.41767e-010
0.23 -0.00448835 -0.0799159 0.000813082 0.00319328 0.00394896 7.52819e-010
0.231 -0.00456808 -0.0795553 0.000842361 0.00316452 0.00394921 7.6391e-010
0.232 -0.00464745 -0.0791881 0.000872026 0.00313537 0.00394946 7.7504e-010
0.233 -0.00472645 -0.0788143 0.000902067 0.00310585 0.00394971 7.86205e-010
0.234 -0.00480507 -0.078434 0.000932475 0.00307595 0.00394996 7.97405e-010
0.235 -0.00488331 -0.0780473 0.000963239 0.00304569 0.00395021 8.08636e-010
0.236 -0.00496116 -0.0776541 0.00099435 0.00301508 0.00395046 8.19896e-010
0.237 -0.00503861 -0.0772544 0.0010258 0.00298412 0.00395071 8.31183e-010
0.238 -0.00511566 -0.0768484 0.00105758 0.00295284 0.00395096 8.42496e-010
0.239 -0.0051923 -0.076436 0.00108967 0.00292123 0.00395121 8.5383e-010
0.24 -0.00526853 -0.0760173 0.00112207 0.00288931 0.00395146 8.65186e-010
0.241 -0.00534433 -0.0755922 0.00115476 0.00285709 0.00395171 8.76559e-010
0.242 -0.00541971 -0.0751609 0.00118775 0.00282458 0.00395196 8.87948e-010
0.243 -0.00549465 -0.0747233 0.001221 0.00279179 0.00395221 8.9935e-010
0.244 -0.00556915 -0.0742795 0.00125452 0.00275872 0.00395246 9.10763e-010
0.245 -0.0056432 -0.0738296 0.0012883 0.0027254 0.00395271 9.22185e-010
0.246 -0.0057168 -0.0733735 0.00132232 0.00269183 0.00395295 9.33614e-010
0.247 -0.00578994 -0.0729112 0.00135657 0.00265802 0.0039532 9.45047e-010
0.248 -0.00586262 -0.072443 0.00139104 0.00262399 0.00395345 9.56482e-010
0.249 -0.00593482 -0.0719686 0.00142572 0.00258974 0.0039537 9.67917e-010
0.25 -0.00600655 -0.0714883 0.0014606 0.00255529 0.00395395 9.79348e-010
0.251 -0.00607779 -0.071002 0.00149567 0.00252064 0.00395419 9.90775e-010
0.252 -0.00614855 -0.0705098 0.00153091 0.00248582 0.00395444 1.00219e-009
0.253 -0.00621881 -0.0700117 0.00156632 0.00245082 0.00395469 1.0136e-009
0.254 -0.00628856 -0.0695077 0.00160188 0.00241566 0.00395493 1.025e-009
0.255 -0.00635782 -0.068998 0.00163759 0.00238036 0.00395518 1.03639e-009
0.256 -0.00642655 -0.0684824 0.00167342 0.00234492 0.00395543 1.04775e-009
0.257 -0.00649477 -0.0679611 0.00170937 0.00230936 0.00395567 1.0591e-009
0.258 -0.00656247 -0.0674342 0.00174542 0.00227368 0.00395592 1.07043e-009
0.259 -0.00662964 -0.0669015 0.00178158 0.00223791 0.00395616 1.08173e-009
0.26 -0.00669627 -0.0663633 0.00181781 0.00220204 0.00395641 1.09301e-009
0.261 -0.00676236 -0.0658195 0.00185412 0.0021661 0.00395665 1.10427e-009
0.262 -0.0068279 -0.0652702 0.00189048 0.0021301 0.00395689 1.11549e-009
0.263 -0.00689289 -0.0647154 0.00192689 0.00209404 0.00395713 1.12668e-009
0.264 -0.00695733 -0.0641551 0.00196334 0.00205794 0.00395738 1.13783e-009
0.265 -0.0070212 -0.0635895 0.00199981 0.00202181 0.00395762 1.14895e-009
0.266 -0.0070845 -0.0630185 0.00203629 0.00198566 0.00395786 1.16004e-009
0.267 -0.00714723 -0.0624422 0.00207277 0.00194951 0.0039581 1.17108e-009
0.268 -0.00720938 -0.0618606 0.00210924 0.00191337 0.00395834 1.18208e-009
0.269 -0.00727095 -0.0612738 0.00214568 0.00187724 0.00395858 1.19303e-009
0.27 -0.00733192 -0.0606819 0.00218209 0.00184115 0.00395882 1.20394e-009
0.271 -0.0073923 -0.0600848 0.00221844 0.00180509 0.00395906 1.2148e-009
0.272 -0.00745209 -0.0594827 0.00225474 0.0017691 0.00395929 1.22561e-009
0.273 -0.00751126 -0.0588756 0.00229097 0.00173317 0.00395953 1.23637e-009
0.274 -0.00756983 -0.0582634 0.0023271 0.00169731 0.00395977 1.24708e-009
0.275 -0.00762779 -0.0576464 0.00236315 0.00166155 0.00396 1.25773e-009
0.276 -0.00768512 -0.0570245 0.00239908 0.00162589 0.00396023 1.26832e-009
0.277 -0.00774183 -0.0563977 0.0024349 0.00159035 0.00396047 1.27885e-009
0.278 -0.00779791 -0.0557662 0.00247058 0.00155493 0.0039607 1.28932e-009
0.279 -0.00785336 -0.0551299 0.00250612 0.00151965 0.00396093 1.29973e-009
0.28 -0.00790817 -0.054489 0.0025415 0.00148453 0.00396117 1.31007e-009
0.281 -0.00796233 -0.0538434 0.00257671 0.00144956 0.0039614 1.32035e-009
0.282 -0.00801585 -0.0531933 0.00261175 0.00141476 0.00396163 1.33056e-009
0.283 -0.00806871 -0.0525387 0.00264659 0.00138016 0.00396186 1.3407e-009
0.284 -0.00812092 -0.0518796 0.00268123 0.00134575 0.00396208 1.35077e-009
0.285 -0.00817247 -0.0512161 0.00271566 0.00131154 0.00396231 1.36077e-009
0.286 -0.00822335 -0.0505482 0.00274986 0.00127756 0.00396254 1.3707e-009
0.287 -0.00827356 -0.049876 0.00278382 0.00124381 0.00396277 1.38055e-009
0.288 -0.0083231 -0.0491996 0.00281754 0.0012103 0.00396299 1.39032e-009
0.289 -0.00837196 -0.048519 0.00285099 0.00117705 0.00396321 1.40001e-009
0.29 -0.00842013 -0.0478343 0.00288418 0.00114406 0.00396344 1.40963e-009
0.291 -0.00846762 -0.0471454 0.00291708 0.00111135 0.00396366 1.41917e-009
0.292 -0.00851442 -0.0464526 0.00294969 0.00107892 0.00396388 1.42862e-009
0.293 -0.00856052 -0.0457558 0.00298199 0.0010468 0.0039641 1.438e-009
0.294 -0.00860593 -0.045055 0.00301398 0.00101498 0.00396432 1.44728e-009
0.295 -0.00865063 -0.0443505 0.00304565 0.000983482 0.00396454 1.45649e-009
0.296 -0.00869462 -0.0436421 0.00307698 0.000952316 0.00396476 1.46561e-009
0.297 -0.00873791 -0.04293 0.00310796 0.000921492 0.00396498 1.47464e-009
0.298 -0.00878048 -0.0422142 0.00313859 0.00089102 0.00396519 1.48359e-009
0.299 -0.00882233 -0.0414948 0.00316885 0.000860909 0.00396541 1.49244e-009
0.3 -0.00886347 -0.0407718 0.00319873 0.000831172 0.00396562 1.50121e-009
0.301 -0.00890387 -0.0400454 0.00322822 0.000801816 0.00396584 1.50989e-009
0.302 -0.00894355 -0.0393155 0.00325732 0.000772854 0.00396605 1.51847e-009
0.303 -0.0089825 -0.0385822 0.00328601 0.000744293 0.00396626 1.52697e-009
0.304 -0.00902071 -0.0378456 0.00331428 0.000716145 0.00396647 1.53537e-009
0.305 -0.00905819 -0.0371058 0.00334212 0.000688419 0.00396668 1.54368e-009
0.306 -0.00909492 -0.0363627 0.00336953 0.000661124 0.00396689 1.5519e-009
0.307 -0.00913091 -0.0356165 0.0033965 0.000634269 0.0039671 1.56002e-009
0.308 -0.00916615 -0.0348673 0.00342301 0.000607864 0.0039673 1.56805e-009
0.309 -0.00920064 -0.034115 0.00344906 0.000581918 0.00396751 1.57599e-009
0.31 -0.00923438 -0.0333598 0.00347463 0.000556439 0.00396771 1.58383e-009
0.311 -0.00926736 -0.0326017 0.00349973 0.000531437 0.00396791 1.59157e-009
0.312 -0.00929958 -0.0318408 0.00352433 0.000506919 0.00396812 1.59922e-009
0.313 -0.00933104 -0.0310772 0.00354844 0.000482895 0.00396832 1.60678e-009
0.314 -0.00936173 -0.0303108 0.00357204 0.000459373 0.00396852 1.61424e-009
0.315 -0.00939166 -0.0295418 0.00359513 0.00043636 0.00396872 1.6216e-009
0.316 -0.00942081 -0.0287703 0.0036177 0.000413865 0.00396892 1.62886e-009
0.317 -0.0094492 -0.0279962 0.00363974 0.000391895 0.00396911 1.63603e-009
0.318 -0.0094768 -0.0272198 0.00366124 0.000370457 0.00396931 1.6431e-009
0.319 -0.00950363 -0.0264409 0.0036822 0.000349561 0.0039695 1.65008e-009
0.32 -0.00952968 -0.0256597 0.0037026 0.000329211 0.0039697 1.65696e-009
0.321 -0.00955495 -0.0248764 0.00372245 0.000309416 0.00396989 1.66374e-009
0.322 -0.00957943 -0.0240908 0.00374174 0.000290183 0.00397008 1.67043e-009
0.323 -0.00960313 -0.0233031 0.00376045 0.000271518 0.00397027 1.67702e-009
0.324 -0.00962604 -0.0225134 0.00377859 0.000253427 0.00397046 1.68352e-009
0.325 -0.00964815 -0.0217217 0.00379614 0.000235916 0.00397065 1.68992e-009
0.326 -0.00966948 -0.0209281 0.0038131 0.000218993 0.00397084 1.69623e-009
0.327 -0.00969001 -0.0201327 0.00382947 0.000202662 0.00397103 1.70244e-009
0.328 -0.00970974 -0.0193355 0.00384523 0.00018693 0.00397121 1.70856e-009
0.329 -0.00972868 -0.0185366 0.00386039 0.000171802 0.0039714 1.71458e-009
0.33 -0.00974681 -0.017736 0.00387494 0.000157283 0.00397158 1.72051e-009
0.331 -0.00976415 -0.0169339 0.00388887 0.000143378 0.00397177 1.72634e-009
0.332 -0.00978068 -0.0161302 0.00390218 0.000130092 0.00397195 1.73209e-009
0.333 -0.00979641 -0.0153252 0.00391486 0.000117431 0.00397213 1.73774e-009
0.334 -0.00981133 -0.0145187 0.00392692 0.000105397 0.00397231 1.7433e-009
0.335 -0.00982544 -0.013711 0.00393833 9.3996e-005 0.00397249 1.74877e-009
0.336 -0.00983875 -0.0129021 0.00394911 8.32315e-005 0.00397266 1.75415e-009
0.337 -0.00985125 -0.0120919 0.00395925 7.31073e-005 0.00397284 1.75944e-009
0.338 -0.00986293 -0.0112807 0.00396874 6.36271e-005 0.00397302 1.76465e-009
0.339 -0.00987381 -0.0104685 0.00397759 5.47943e-005 0.00397319 1.76976e-009
0.34 -0.00988387 -0.00965525 0.00398578 4.66119e-005 0.00397336 1.77479e-009
0.341 -0.00989312 -0.00884116 0.00399331 3.9083e-005 0.00397354 1.77973e-009
0.342 -0.00990155 -0.00802625 0.00400019 3.22103e-005 0.00397371 1.78458e-009
0.343 -0.00990917 -0.00721058 0.00400641 2.59963e-005 0.00397388 1.78935e-009
0.344 -0.00991597 -0.00639424 0.00401197 2.04432e-005 0.00397405 1.79404e-009
0.345 -0.00992196 -0.00557729 0.00401686 1.55531e-005 0.00397422 1.79864e-009
0.346 -0.00992712 -0.00475979 0.00402109 1.13278e-005 0.00397439 1.80317e-009
0.347 -0.00993148 -0.00394182 0.00402465 7.76896e-006 0.00397455 1.80761e-009
0.348 -0.00993501 -0.00312344 0.00402754 4.87794e-006 0.00397472 1.81197e-009
0.349 -0.00993772 -0.00230473 0.00402977 2.6559e-006 0.00397488 1.81625e-009
0.35 -0.00993962 -0.00148576 0.00403132 1.10374e-006 0.00397505 1.82045e-009
0.351 -0.00994069 -0.000666587 0.0040322 2.22169e-007 0.00397521 1.82458e-009
0.352 -0.00994095 0.00015271 0.00403241 1.16601e-008 0.00397537 1.82863e-009
0.353 -0.00994039 0.000972063 0.00403195 4.72453e-007 0.00397553 1.83261e-009
0.354 -0.00993901 0.0017914 0.00403082 1.60456e-006 0.00397569 1.83651e-009
0.355 -0.0099368 0.00261066 0.00402901 3.40778e-006 0.00397585 1.84034e-009
0.356 -0.00993378 0.00342977 0.00402654 5.88165e-006 0.00397601 1.8441e-009
0.357 -0.00992995 0.00424865 0.0040234 9.02552e-006 0.00397617 1.84779e-009
0.358 -0.00992529 0.00506724 0.00401959 1.28385e-005 0.00397633 1.85141e-009
0.359 -0.00991981 0.00588548 0.00401511 1.73194e-005 0.00397648 1.85496e-009
0.36 -0.00991352 0.00670328 0.00400996 2.2467e-005 0.00397664 1.85845e-009
0.361 -0.00990641 0.00752058 0.00400416 2.82796e-005 0.00397679 1.86187e-009
0.362 -0.00989848 0.00833731 0.00399769 3.47554e-005 0.00397694 1.86522e-009
0.363 -0.00988973 0.00915341 0.00399055 4.18925e-005 0.0039771 1.86851e-009
0.364 -0.00988017 0.0099688 0.00398277 4.96885e-005 0.00397725 1.87174e-009
0.365 -0.00986979 0.0107834 0.00397432 5.8141e-005 0.0039774 1.87491e-009
0.366 -0.0098586 0.0115972 0.00396523 6.72472e-005 0.00397755 1.87803e-009
0.367 -0.0098466 0.01241 0.00395548 7.70044e-005 0.0039777 1.88108e-009
0.368 -0.00983379 0.0132219 0.00394509 8.74092e-005 0.00397785 1.88408e-009
0.369 -0.00982016 0.0140327 0.00393406 9.84584e-005 0.00397799 1.88702e-009
0.37 -0.00980572 0.0148424 0.00392238 0.000110148 0.00397814 1.88991e-009
0.371 -0.00979047 0.0156509 0.00391008 0.000122475 0.00397829 1.89274e-009
0.372 -0.00977442 0.0164581 0.00389714 0.000135435 0.00397843 1.89553e-009
0.373 -0.00975756 0.0172641 0.00388357 0.000149024 0.00397858 1.89826e-009
0.374 -0.00973989 0.0180686 0.00386939 0.000163237 0.00397872 1.90095e-009
0.375 -0.00972142 0.0188716 0.00385458 0.000178069 0.00397887 1.90358e-009
0.376 -0.00970215 0.0196732 0.00383917 0.000193517 0.00397901 1.90618e-009
0.377 -0.00968208 0.0204731 0.00382314 0.000209574 0.00397915 1.90872e-009
0.378 -0.00966121 0.0212713 0.00380652 0.000226235 0.00397929 1.91123e-009
0.379 -0.00963954 0.0220679 0.0037893 0.000243495 0.00397943 1.91369e-009
0.38 -0.00961707 0.0228626 0.00377149 0.000261349 0.00397957 1.91612e-009
0.381 -0.00959382 0.0236554 0.00375309 0.00027979 0.00397971 1.9185e-009
0.382 -0.00956976 0.0244464 0.00373412 0.000298812 0.00397985 1.92085e-009
0.383 -0.00954492 0.0252353 0.00371457 0.000318409 0.00397999 1.92316e-009
0.384 -0.0095193 0.0260221 0.00369446 0.000338575 0.00398013 1.92543e-009
0.385 -0.00949288 0.0268068 0.00367379 0.000359302 0.00398026 1.92768e-009
0.386 -0.00946568 0.0275893 0.00365257 0.000380585 0.0039804 1.92989e-009
0.387 -0.00943771 0.0283695 0.00363081 0.000402415 0.00398054 1.93207e-009
0.388 -0.00940895 0.0291474 0.00360851 0.000424786 0.00398067 1.93422e-009
0.389 -0.00937941 0.0299229 0.00358568 0.000447691 0.00398081 1.93634e-009
0.39 -0.0093491 0.0306959 0.00356232 0.000471121 0.00398094 1.93844e-009
0.391 -0.00931802 0.0314664 0.00353846 0.000495069 0.00398108 1.94051e-009
0.392 -0.00928617 0.0322343 0.00351408 0.000519526 0.00398121 1.94256e-009
0.393 -0.00925356 0.0329996 0.00348921 0.000544486 0.00398134 1.94459e-009
0.394 -0.00922018 0.0337621 0.00346385 0.00056994 0.00398148 1.94659e-009
0.395 -0.00918604 0.0345218 0.00343801 0.000595878 0.00398161 1.94858e-009
0.396 -0.00915114 0.0352787 0.0034117 0.000622293 0.00398174 1.95055e-009
0.397 -0.00911548 0.0360326 0.00338492 0.000649176 0.00398187 1.9525e-009
0.398 -0.00907907 0.0367836 0.00335769 0.000676517 0.003982 1.95444e-009
0.399 -0.00904192 0.0375315 0.00333002 0.000704308 0.00398213 1.95636e-009
0.4 -0.00900401 0.0382764 0.00330191 0.00073254 0.00398226 1.95827e-009
0.401 -0.00896537 0.039018 0.00327337 0.000761203 0.00398239 1.96018e-009
0.402 -0.00892598 0.0397564 0.00324442 0.000790287 0.00398252 1.96207e-009
0.403 -0.00888586 0.0404916 0.00321506 0.000819784 0.00398265 1.96395e-009
0.404 -0.008845 0.0412233 0.0031853 0.000849682 0.00398278 1.96583e-009
0.405 -0.00880342 0.0419517 0.00315515 0.000879973 0.00398291 1.9677e-009
0.406 -0.0087611 0.0426766 0.00312463 0.000910646 0.00398304 1.96957e-009
0.407 -0.00871807 0.0433979 0.00309374 0.00094169 0.00398317 1.97144e-009
0.408 -0.00867431 0.0441157 0.00306249 0.000973097 0.0039833 1.9733e-009
0.409 -0.00862984 0.0448298 0.0030309 0.00100485 0.00398343 1.97517e-009
0.41 -0.00858465 0.0455402 0.00299897 0.00103695 0.00398355 1.97704e-009
0.411 -0.00853876 0.0462468 0.00296672 0.00106938 0.00398368 1.97891e-009
0.412 -0.00849216 0.0469495 0.00293416 0.00110213 0.00398381 1.98079e-009
0.413 -0.00844487 0.0476484 0.00290129 0.00113518 0.00398394 1.98267e-009
0.414 -0.00839687 0.0483433 0.00286813 0.00116854 0.00398406 1.98456e-009
0.415 -0.00834818 0.0490342 0.00283469 0.00120218 0.00398419 1.98646e-009
0.416 -0.00829881 0.0497211 0.00280098 0.00123609 0.00398432 1.98837e-009
0.417 -0.00824875 0.0504038 0.00276701 0.00127027 0.00398444 1.99029e-009
0.418 -0.008198 0.0510823 0.00273279 0.0013047 0.00398457 1.99223e-009
0.419 -0.00814659 0.0517567 0.00269834 0.00133938 0.0039847 1.99418e-009
0.42 -0.00809449 0.0524267 0.00266367 0.00137428 0.00398482 1.99614e-009
0.421 -0.00804174 0.0530923 0.00262878 0.0014094 0.00398495 1.99813e-009
0.422 -0.00798831 0.0537536 0.00259369 0.00144473 0.00398508 2.00013e-009
0.423 -0.00793423 0.0544104 0.00255841 0.00148025 0.0039852 2.00215e-009
0.424 -0.0078795 0.0550627 0.00252296 0.00151595 0.00398533 2.0042e-009
0.425 -0.00782411 0.0557105 0.00248734 0.00155183 0.00398545 2.00626e-009
0.426 -0.00776808 0.0563536 0.00245157 0.00158786 0.00398558 2.00836e-009
0.427 -0.00771141 0.056992 0.00241565 0.00162405 0.00398571 2.01048e-009
0.428 -0.0076541 0.0576258 0.00237961 0.00166037 0.00398583 2.01262e-009
0.429 -0.00759616 0.0582547 0.00234345 0.00169681 0.00398596 2.0148e-009
0.43 -0.0075376 0.0588789 0.00230718 0.00173336 0.00398609 2.017e-009
0.431 -0.00747841 0.0594981 0.00227082 0.00177001 0.00398621 2.01924e-009
0.432 -0.00741861 0.0601125 0.00223438 0.00180675 0.00398634 2.02151e-009
0.433 -0.00735819 0.0607218 0.00219787 0.00184357 0.00398647 2.02381e-009
0.434 -0.00729717 0.0613261 0.0021613 0.00188045 0.00398659 2.02615e-009
0.435 -0.00723554 0.0619254 0.00212469 0.00191738 0.00398672 2.02853e-009
0.436 -0.00717332 0.0625195 0.00208804 0.00195434 0.00398685 2.03094e-009
0.437 -0.00711051 0.0631085 0.00205137 0.00199134 0.00398698 2.0334e-009
0.438 -0.00704711 0.0636922 0.0020147 0.00202835 0.0039871 2.0359e-009
0.439 -0.00698313 0.0642707 0.00197803 0.00206536 0.00398723 2.03844e-009
0.44 -0.00691857 0.0648438 0.00194138 0.00210236 0.00398736 2.04102e-009
0.441 -0.00685345 0.0654116 0.00190475 0.00213934 0.00398749 2.04365e-009
0.442 -0.00678776 0.065974 0.00186816 0.00217628 0.00398762 2.04633e-009
0.443 -0.00672151 0.0665309 0.00183163 0.00221318 0.00398775 2.04905e-009
0.444 -0.0066547 0.0670823 0.00179516 0.00225002 0.00398788 2.05183e-009
0.445 -0.00658735 0.0676282 0.00175877 0.00228679 0.003988 2.05465e-009
0.446 -0.00651945 0.0681686 0.00172247 0.00232348 0.00398813 2.05753e-009
0.447 -0.00645102 0.0687032 0.00168626 0.00236007 0.00398826 2.06047e-009
0.448 -0.00638205 0.0692323 0.00165017 0.00239655 0.00398839 2.06346e-009
0.449 -0.00631256 0.0697556 0.00161421 0.00243292 0.00398852 2.0665e-009
0.45 -0.00624254 0.0702731 0.00157838 0.00246916 0.00398866 2.06961e-009
0.451 -0.00617202 0.0707849 0.0015427 0.00250525 0.00398879 2.07277e-009
0.452 -0.00610098 0.0712908 0.00150718 0.00254119 0.00398892 2.076e-009
0.453 -0.00602944 0.0717908 0.00147183 0.00257696 0.00398905 2.07928e-009
0.454 -0.0059574 0.072285 0.00143666 0.00261256 0.00398918 2.08264e-009
0.455 -0.00588488 0.0727731 0.00140169 0.00264796 0.00398932 2.08605e-009
0.456 -0.00581186 0.0732553 0.00136692 0.00268317 0.00398945 2.08953e-009
0.457 -0.00573837 0.0737315 0.00133237 0.00271817 0.00398958 2.09309e-009
0.458 -0.00566441 0.0742016 0.00129806 0.00275294 0.00398972 2.09671e-009
0.459 -0.00558997 0.0746655 0.00126398 0.00278747 0.00398985 2.1004e-009
0.46 -0.00551508 0.0751234 0.00123015 0.00282176 0.00398998 2.10416e-009
0.461 -0.00543973 0.0755751 0.00119659 0.00285579 0.00399012 2.108e-009
0.462 -0.00536394 0.0760205 0.0011633 0.00288956 0.00399025 2.11191e-009
0.463 -0.0052877 0.0764597 0.00113029 0.00292304 0.00399039 2.1159e-009
0.464 -0.00521102 0.0768926 0.00109758 0.00295624 0.00399053 2.11996e-009
0.465 -0.00513392 0.0773193 0.00106518 0.00298913 0.00399066 2.1241e-009
0.466 -0.00505639 0.0777395 0.00103309 0.00302172 0.0039908 2.12833e-009
0.467 -0.00497845 0.0781534 0.00100133 0.00305398 0.00399094 2.13263e-009
0.468 -0.00490009 0.0785609 0.000969903 0.00308591 0.00399108 2.13702e-009
0.469 -0.00482133 0.078962 0.000938826 0.0031175 0.00399122 2.14149e-009
0.47 -0.00474217 0.0793565 0.000908108 0.00314873 0.00399136 2.14605e-009
0.471 -0.00466263 0.0797446 0.000877757 0.0031796 0.0039915 2.15069e-009
0.472 -0.00458269 0.0801261 0.000847783 0.0032101 0.00399164 2.15542e-009
0.473 -0.00450238 0.0805011 0.000818197 0.00324021 0.00399178 2.16024e-009
0.474 -0.0044217 0.0808695 0.000789008 0.00326994 0.00399192 2.16515e-009
0.475 -0.00434065 0.0812313 0.000760225 0.00329926 0.00399206 2.17016e-009
0.476 -0.00425924 0.0815864 0.000731857 0.00332817 0.0039922 2.17525e-009
0.477 -0.00417748 0.0819349 0.000703915 0.00335666 0.00399235 2.18044e-009
0.478 -0.00409538 0.0822766 0.000676406 0.00338472 0.00399249 2.18572e-009
0.479 -0.00401293 0.0826117 0.00064934 0.00341235 0.00399263 2.1911e-009
0.48 -0.00393016 0.08294 0.000622725 0.00343952 0.00399278 2.19658e-009
0.481 -0.00384706 0.0832615 0.000596571 0.00346624 0.00399292 2.20216e-009
0.482 -0.00376364 0.0835763 0.000570885 0.0034925 0.00399307 2.20783e-009
0.483 -0.00367992 0.0838842 0.000545675 0.00351828 0.00399322 2.21361e-009
0.484 -0.00359588 0.0841853 0.00052095 0.00354358 0.00399336 2.21949e-009
0.485 -0.00351155 0.0844795 0.000496718 0.00356839 0.00399351 2.22547e-009
0.486 -0.00342693 0.0847668 0.000472987 0.00359271 0.00399366 2.23156e-009
0.487 -0.00334203 0.0850473 0.000449763 0.00361652 0.00399381 2.23775e-009
0.488 -0.00325684 0.0853208 0.000427055 0.00363982 0.00399396 2.24405e-009
0.489 -0.00317139 0.0855874 0.00040487 0.0036626 0.00399411 2.25045e-009
0.49 -0.00308568 0.085847 0.000383215 0.00368486 0.00399426 2.25696e-009
0.491 -0.0029997 0.0860997 0.000362096 0.00370658 0.00399441 2.26359e-009
0.492 -0.00291348 0.0863453 0.000341521 0.00372776 0.00399456 2.27032e-009
0.493 -0.00282702 0.0865839 0.000321495 0.00374839 0.00399471 2.27716e-009
0.494 -0.00274032 0.0868156 0.000302026 0.00376847 0.00399487 2.28412e-009
0.495 -0.0026534 0.0870401 0.00028312 0.00378799 0.00399502 2.29118e-009
0.496 -0.00256625 0.0872576 0.000264781 0.00380695 0.00399517 2.29837e-009
0.497 -0.00247889 0.087468 0.000247018 0.00382533 0.00399533 2.30566e-009
0.498 -0.00239132 0.0876714 0.000229833 0.00384314 0.00399548 2.31307e-009
0.499 -0.00230355 0.0878676 0.000213235 0.00386036 0.00399564 2.3206e-009
0.5 -0.00221559 0.0880567 0.000197226 0.00387699 0.0039958 2.32824e-009
0.501 -0.00212745 0.0882387 0.000181813 0.00389304 0.00399596 2.33601e-009
0.502 -0.00203912 0.0884136 0.000167001 0.00390848 0.00399611 2.34389e-009
0.503 -0.00195063 0.0885813 0.000152793 0.00392332 0.00399627 2.35188e-009
0.504 -0.00186197 0.0887419 0.000139194 0.00393756 0.00399643 2.36e-009
0.505 -0.00177315 0.0888952 0.000126209 0.00395118 0.00399659 2.36824e-009
0.506 -0.00168418 0.0890414 0.000113842 0.00396419 0.00399675 2.3766e-009
0.507 -0.00159507 0.0891804 0.000102096 0.00397658 0.00399691 2.38508e-009
0.508 -0.00150583 0.0893123 9.09745e-005 0.00398834 0.00399708 2.39368e-009
0.509 -0.00141646 0.0894369 8.04817e-005 0.00399948 0.00399724 2.4024e-009
0.51 -0.00132696 0.0895543 7.06204e-005 0.00400998 0.0039974 2.41125e-009
0.511 -0.00123735 0.0896645 6.13937e-005 0.00401986 0.00399756 2.42022e-009
0.512 -0.00114764 0.0897674 5.28043e-005 0.0040291 0.00399773 2.42931e-009
0.513 -0.00105783 0.0898632 4.48548e-005 0.0040377 0.00399789 2.43853e-009
0.514 -0.000967922 0.0899517 3.75475e-005 0.00404565 0.00399806 2.44787e-009
0.515 -0.000877931 0.090033 3.08847e-005 0.00405297 0.00399823 2.45734e-009
0.516 -0.000787863 0.090107 2.48683e-005 0.00405964 0.00399839 2.46693e-009
0.517 -0.000697724 0.0901738 1.95e-005 0.00406566 0.00399856 2.47664e-009
0.518 -0.000607523 0.0902334 1.47813e-005 0.00407103 0.00399873 2.48648e-009
0.519 -0.000517265 0.0902857 1.07136e-005 0.00407575 0.0039989 2.49644e-009
0.52 -0.000426958 0.0903307 7.29797e-006 0.00407982 0.00399907 2.50654e-009
0.521 -0.000336611 0.0903686 4.53532e-006 0.00408324 0.00399924 2.51675e-009
0.522 -0.000246229 0.0903991 2.42633e-006 0.004086 0.00399941 2.52709e-009
0.523 -0.00015582 0.0904225 9.71492e-007 0.00408811 0.00399958 2.53756e-009
0.524 -6.53908e-005 0.0904386 1.71061e-007 0.00408957 0.00399975 2.54815e-009
0.525 2.50504e-005 0.0904474 2.50996e-008 0.00409037 0.00399992 2.55887e-009
0.526 0.000115497 0.090449 5.33457e-007 0.00409051 0.0040001 2.56971e-009
0.527 0.000205941 0.0904434 1.69577e-006 0.00409001 0.00400027 2.58067e-009
0.528 0.000296376 0.0904306 3.51148e-006 0.00408884 0.00400044 2.59176e-009
0.529 0.000386795 0.0904105 5.97979e-006 0.00408703 0.00400062 2.60298e-009
0.53 0.00047719 0.0903832 9.09973e-006 0.00408456 0.00400079 2.61432e-009
0.531 0.000567554 0.0903487 1.28701e-005 0.00408144 0.00400097 2.62578e-009
0.532 0.00065788 0.090307 1.72895e-005 0.00407767 0.00400114 2.63737e-009
0.533 0.000748161 0.090258 2.23563e-005 0.00407326 0.00400132 2.64908e-009
0.534 0.000838389 0.0902019 2.80688e-005 0.00406819 0.0040015 2.66092e-009
0.535 0.000928558 0.0901386 3.44248e-005 0.00406248 0.00400168 2.67287e-009
0.536 0.00101866 0.0900681 4.14222e-005 0.00405613 0.00400186 2.68495e-009
0.537 0.00110869 0.0899904 4.90586e-005 0.00404914 0.00400203 2.69715e-009
0.538 0.00119863 0.0899056 5.73313e-005 0.00404151 0.00400221 2.70946e-009
0.539 0.00128849 0.0898136 6.62375e-005 0.00403325 0.00400239 2.7219e-009
0.54 0.00137825 0.0897145 7.57741e-005 0.00402435 0.00400258 2.73446e-009
0.541 0.00146791 0.0896083 8.59381e-005 0.00401482 0.00400276 2.74714e-009
0.542 0.00155746 0.0894949 9.67259e-005 0.00400467 0.00400294 2.75993e-009
0.543 0.0016469 0.0893745 0.000108134 0.0039939 0.00400312 2.77284e-009
0.544 0.0017362 0.0892469 0.000120158 0.0039825 0.0040033 2.78587e-009
0.545 0.00182538 0.0891123 0.000132795 0.0039705 0.00400349 2.79901e-009
0.546 0.00191442 0.0889706 0.00014604 0.00395788 0.00400367 2.81227e-009
0.547 0.00200332 0.0888218 0.000159889 0.00394466 0.00400385 2.82564e-009
0.548 0.00209206 0.088666 0.000174338 0.00393083 0.00400404 2.83912e-009
0.549 0.00218064 0.0885032 0.00018938 0.00391641 0.00400422 2.85271e-009
0.55 0.00226906 0.0883334 0.000205013 0.00390139 0.00400441 2.86642e-009
0.551 0.0023573 0.0881566 0.00022123 0.00388579 0.00400459 2.88023e-009
0.552 0.00244536 0.0879728 0.000238026 0.00386961 0.00400478 2.89415e-009
0.553 0.00253324 0.0877821 0.000255395 0.00385285 0.00400497 2.90818e-009
0.554 0.00262092 0.0875844 0.000273333 0.00383552 0.00400515 2.92231e-009
0.555 0.0027084 0.0873798 0.000291833 0.00381762 0.00400534 2.93655e-009
0.556 0.00279567 0.0871684 0.000310889 0.00379916 0.00400553 2.95089e-009
0.557 0.00288273 0.08695 0.000330496 0.00378015 0.00400572 2.96534e-009
0.558 0.00296957 0.0867248 0.000350645 0.0037606 0.00400591 2.97988e-009
0.559 0.00305617 0.0864928 0.000371333 0.0037405 0.0040061 2.99452e-009
0.56 0.00314255 0.0862539 0.00039255 0.00371987 0.00400629 3.00926e-009
0.561 0.00322868 0.0860082 0.000414291 0.00369871 0.00400648 3.0241e-009
0.562 0.00331456 0.0857558 0.000436549 0.00367703 0.00400667 3.03903e-009
0.563 0.00340018 0.0854966 0.000459317 0.00365484 0.00400686 3.05406e-009
0.564 0.00348554 0.0852307 0.000482586 0.00363214 0.00400705 3.06917e-009
0.565 0.00357063 0.0849581 0.000506351 0.00360894 0.00400724 3.08438e-009
0.566 0.00365545 0.0846789 0.000530602 0.00358526 0.00400743 3.09967e-009
0.567 0.00373999 0.0843929 0.000555333 0.00356108 0.00400762 3.11505e-009
0.568 0.00382423 0.0841004 0.000580535 0.00353644 0.00400781 3.13052e-009
0.569 0.00390818 0.0838012 0.000606201 0.00351132 0.00400801 3.14607e-009
0.57 0.00399183 0.0834955 0.000632322 0.00348575 0.0040082 3.1617e-009
0.571 0.00407516 0.0831832 0.00065889 0.00345972 0.00400839 3.17742e-009
0.572 0.00415819 0.0828644 0.000685897 0.00343326 0.00400859 3.19321e-009
0.573 0.00424089 0.0825391 0.000713333 0.00340635 0.00400878 3.20907e-009
0.574 0.00432326 0.0822074 0.000741191 0.00337903 0.00400897 3.22501e-009
0.575 0.0044053 0.0818692 0.000769461 0.00335128 0.00400917 3.24103e-009
0.576 0.00448699 0.0815246 0.000798134 0.00332313 0.00400936 3.25711e-009
0.577 0.00456834 0.0811736 0.000827202 0.00329458 0.00400956 3.27327e-009
0.578 0.00464933 0.0808163 0.000856655 0.00326564 0.00400975 3.28949e-009
0.579 0.00472996 0.0804526 0.000886483 0.00323631 0.00400995 3.30577e-009
0.58 0.00481023 0.0800827 0.000916678 0.00320662 0.00401014 3.32212e-009
0.581 0.00489012 0.0797065 0.00094723 0.00317656 0.00401034 3.33853e-009
0.582 0.00496964 0.0793241 0.00097813 0.00314616 0.00401053 3.355e-009
0.583 0.00504877 0.0789355 0.00100937 0.00311541 0.00401073 3.37153e-009
0.584 0.0051275 0.0785407 0.00104093 0.00308432 0.00401092 3.38811e-009
0.585 0.00520584 0.0781399 0.00107281 0.00305292 0.00401112 3.40474e-009
0.586 0.00528378 0.0777329 0.001105 0.0030212 0.00401132 3.42143e-009
0.587 0.0053613 0.0773198 0.00113749 0.00298918 0.00401151 3.43816e-009
0.588 0.00543841 0.0769008 0.00117027 0.00295687 0.00401171 3.45494e-009
0.589 0.0055151 0.0764757 0.00120332 0.00292427 0.0040119 3.47177e-009
0.59 0.00559136 0.0760447 0.00123664 0.0028914 0.0040121 3.48864e-009
0.591 0.00566718 0.0756078 0.00127021 0.00285827 0.0040123 3.50555e-009
0.592 0.00574256 0.075165 0.00130403 0.00282489 0.00401249 3.5225e-009
0.593 0.0058175 0.0747164 0.00133809 0.00279127 0.00401269 3.53948e-009
0.594 0.00589199 0.0742619 0.00137237 0.00275742 0.00401289 3.5565e-009
0.595 0.00596602 0.0738017 0.00140687 0.00272334 0.00401308 3.57355e-009
0.596 0.00603959 0.0733357 0.00144156 0.00268906 0.00401328 3.59063e-009
0.597 0.00611269 0.0728641 0.00147646 0.00265459 0.00401348 3.60774e-009
0.598 0.00618531 0.0723867 0.00151153 0.00261992 0.00401367 3.62487e-009
0.599 0.00625746 0.0719038 0.00154677 0.00258508 0.00401387 3.64203e-009
0.6 0.00632911 0.0714153 0.00158217 0.00255007 0.00401407 3.65921e-009
0.601 0.00640028 0.0709213 0.00161773 0.00251491 0.00401427 3.6764e-009
0.602 0.00647095 0.0704217 0.00165341 0.00247961 0.00401446 3.69362e-009
0.603 0.00654112 0.0699167 0.00168923 0.00244417 0.00401466 3.71085e-009
0.604 0.00661078 0.0694063 0.00172516 0.00240862 0.00401486 3.72809e-009
0.605 0.00667993 0.0688905 0.0017612 0.00237295 0.00401505 3.74534e-009
0.606 0.00674855 0.0683693 0.00179732 0.00233718 0.00401525 3.7626e-009
0.607 0.00681666 0.0678429 0.00183353 0.00230133 0.00401545 3.77987e-009
0.608 0.00688423 0.0673112 0.00186982 0.0022654 0.00401564 3.79714e-009
0.609 0.00695128 0.0667743 0.00190616 0.00222941 0.00401584 3.81441e-009
0.61 0.00701778 0.0662323 0.00194254 0.00219336 0.00401604 3.83168e-009
0.611 0.00708374 0.0656851 0.00197897 0.00215727 0.00401623 3.84895e-009
0.612 0.00714914 0.0651328 0.00201542 0.00212114 0.00401643 3.86621e-009
0.613 0.007214 0.0645755 0.00205189 0.002085 0.00401663 3.88347e-009
0.614 0.00727829 0.0640133 0.00208836 0.00204885 0.00401682 3.90072e-009
0.615 0.00734202 0.063446 0.00212482 0.0020127 0.00401702 3.91796e-009
0.616 0.00740518 0.0628739 0.00216126 0.00197656 0.00401721 3.93519e-009
0.617 0.00746776 0.0622969 0.00219767 0.00194045 0.00401741 3.9524e-009
0.618 0.00752977 0.0617151 0.00223404 0.00190438 0.0040176 3.96959e-009
0.619 0.00759119 0.0611285 0.00227036 0.00186835 0.0040178 3.98677e-009
0.62 0.00765202 0.0605373 0.00230661 0.00183238 0.00401799 4.00392e-009
0.621 0.00771226 0.0599413 0.00234279 0.00179648 0.00401819 4.02105e-009
0.622 0.0077719 0.0593407 0.00237888 0.00176066 0.00401838 4.03816e-009
0.623 0.00783093 0.0587356 0.00241487 0.00172493 0.00401858 4.05524e-009
0.624 0.00788936 0.0581259 0.00245076 0.00168931 0.00401877 4.07229e-009
0.625 0.00794718 0.0575117 0.00248652 0.0016538 0.00401897 4.08931e-009
0.626 0.00800438 0.0568931 0.00252216 0.00161841 0.00401916 4.1063e-009
0.627 0.00806096 0.0562702 0.00255765 0.00158317 0.00401936 4.12325e-009
0.628 0.00811692 0.0556428 0.00259299 0.00154806 0.00401955 4.14017e-009
0.629 0.00817224 0.0550112 0.00262817 0.00151312 0.00401974 4.15705e-009
0.63 0.00822694 0.0543754 0.00266318 0.00147834 0.00401994 4.17389e-009
0.631 0.00828099 0.0537354 0.002698 0.00144374 0.00402013 4.19069e-009
0.632 0.0083344 0.0530912 0.00273262 0.00140934 0.00402032 4.20744e-009
0.633 0.00838717 0.0524429 0.00276704 0.00137513 0.00402051 4.22415e-009
0.634 0.00843928 0.0517906 0.00280125 0.00134113 0.0040207 4.24081e-009
0.635 0.00849075 0.0511343 0.00283522 0.00130736 0.0040209 4.25743e-009
0.636 0.00854155 0.0504741 0.00286896 0.00127382 0.00402109 4.27399e-009
0.637 0.00859169 0.04981 0.00290245 0.00124052 0.00402128 4.2905e-009
0.638 0.00864117 0.049142 0.00293569 0.00120747 0.00402147 4.30696e-009
0.639 0.00868997 0.0484703 0.00296865 0.00117468 0.00402166 4.32337e-009
0.64 0.0087381 0.0477948 0.00300134 0.00114217 0.00402185 4.33971e-009
0.641 0.00878556 0.0471157 0.00303374 0.00110994 0.00402204 4.35601e-009
0.642 0.00883233 0.0464329 0.00306584 0.00107801 0.00402223 4.37224e-009
0.643 0.00887842 0.0457466 0.00309764 0.00104637 0.00402242 4.38841e-009
0.644 0.00892382 0.0450567 0.00312912 0.00101505 0.00402261 4.40451e-009
0.645 0.00896853 0.0443634 0.00316027 0.000984055 0.0040228 4.42056e-009
0.646 0.00901254 0.0436666 0.00319108 0.000953387 0.00402298 4.43654e-009
0.647 0.00905586 0.0429665 0.00322155 0.000923061 0.00402317 4.45245e-009
0.648 0.00909847 0.0422631 0.00325167 0.000893084 0.00402336 4.4683e-009
0.649 0.00914038 0.0415564 0.00328142 0.000863468 0.00402355 4.48407e-009
0.65 0.00918158 0.0408465 0.00331079 0.00083422 0.00402373 4.49978e-009
0.651 0.00922207 0.0401335 0.00333979 0.00080535 0.00402392 4.51542e-009
0.652 0.00926185 0.0394174 0.00336839 0.000776866 0.0040241 4.53098e-009
0.653 0.0093009 0.0386983 0.0033966 0.000748778 0.00402429 4.54647e-009
0.654 0.00933924 0.0379761 0.00342439 0.000721093 0.00402447 4.56189e-009
0.655 0.00937685 0.0372511 0.00345177 0.000693821 0.00402466 4.57723e-009
0.656 0.00941374 0.0365231 0.00347873 0.00066697 0.00402484 4.59249e-009
0.657 0.0094499 0.0357924 0.00350525 0.000640548 0.00402503 4.60768e-009
0.658 0.00948532 0.0350589 0.00353133 0.000614563 0.00402521 4.62279e-009
0.659 0.00952001 0.0343227 0.00355696 0.000589023 0.00402539 4.63782e-009
0.66 0.00955396 0.0335838 0.00358213 0.000563937 0.00402558 4.65277e-009
0.661 0.00958718 0.0328424 0.00360684 0.000539311 0.00402576 4.66763e-009
0.662 0.00961965 0.0320984 0.00363108 0.000515153 0.00402594 4.68242e-009
0.663 0.00965137 0.0313519 0.00365484 0.000491471 0.00402612 4.69712e-009
0.664 0.00968235 0.030603 0.00367811 0.000468273 0.0040263 4.71174e-009
0.665 0.00971257 0.0298518 0.00370089 0.000445564 0.00402648 4.72628e-009
0.666 0.00974205 0.0290982 0.00372317 0.000423353 0.00402666 4.74073e-009
0.667 0.00977077 0.0283424 0.00374494 0.000401646 0.00402684 4.7551e-009
0.668 0.00979873 0.0275844 0.00376619 0.000380449 0.00402702 4.76938e-009
0.669 0.00982594 0.0268242 0.00378693 0.00035977 0.0040272 4.78358e-009
0.67 0.00985238 0.026062 0.00380714 0.000339614 0.00402738 4.79768e-009
0.671 0.00987806 0.0252978 0.00382681 0.000319988 0.00402756 4.8117e-009
0.672 0.00990297 0.0245315 0.00384595 0.000300898 0.00402773 4.82564e-009
0.673 0.00992712 0.0237634 0.00386454 0.00028235 0.00402791 4.83948e-009
0.674 0.0099505 0.0229935 0.00388258 0.000264349 0.00402809 4.85324e-009
0.675 0.0099731 0.0222217 0.00390007 0.000246902 0.00402826 4.8669e-009
0.676 0.00999494 0.0214482 0.003917 0.000230013 0.00402844 4.88048e-009
0.677 0.010016 0.020673 0.00393336 0.000213687 0.00402861 4.89397e-009
0.678 0.0100363 0.0198963 0.00394914 0.00019793 0.00402879 4.90737e-009
0.679 0.0100558 0.0191179 0.00396436 0.000182747 0.00402896 4.92068e-009
0.68 0.0100745 0.0183381 0.00397899 0.000168143 0.00402913 4.9339e-009
0.681 0.0100925 0.0175568 0.00399303 0.000154121 0.00402931 4.94703e-009
0.682 0.0101096 0.0167742 0.00400649 0.000140686 0.00402948 4.96007e-009
0.683 0.010126 0.0159902 0.00401935 0.000127843 0.00402965 4.97301e-009
0.684 0.0101416 0.0152049 0.00403162 0.000115595 0.00402982 4.98587e-009
0.685 0.0101564 0.0144185 0.00404329 0.000103946 0.00402999 4.99864e-009
0.686 0.0101704 0.0136309 0.00405435 9.29008e-005 0.00403017 5.01132e-009
0.687 0.0101837 0.0128422 0.0040648 8.24615e-005 0.00403034 5.02391e-009
0.688 0.0101961 0.0120525 0.00407464 7.26318e-005 0.00403051 5.0364e-009
0.689 0.0102078 0.0112619 0.00408387 6.34149e-005 0.00403067 5.04881e-009
0.69 0.0102187 0.0104703 0.00409248 5.48137e-005 0.00403084 5.06113e-009
0.691 0.0102287 0.00967789 0.00410047 4.68308e-005 0.00403101 5.07336e-009
0.692 0.010238 0.00888469 0.00410784 3.94688e-005 0.00403118 5.08549e-009
0.693 0.0102465 0.00809075 0.00411458 3.27302e-005 0.00403135 5.09754e-009
0.694 0.0102542 0.00729615 0.0041207 2.66169e-005 0.00403151 5.1095e-009
0.695 0.0102611 0.00650095 0.00412619 2.11312e-005 0.00403168 5.12138e-009
0.696 0.0102672 0.00570519 0.00413105 1.62746e-005 0.00403185 5.13316e-009
0.697 0.0102725 0.00490894 0.00413528 1.20489e-005 0.00403201 5.14486e-009
0.698 0.010277 0.00411227 0.00413887 8.45538e-006 0.00403218 5.15647e-009
0.699 0.0102807 0.00331523 0.00414183 5.49536e-006 0.00403234 5.16799e-009
0.7 0.0102836 0.00251787 0.00414416 3.16984e-006 0.0040325 5.17942e-009
0.701 0.0102858 0.00172027 0.00414585 1.47967e-006 0.00403267 5.19077e-009
0.702 0.0102871 0.00092248 0.0041469 4.25485e-007 0.00403283 5.20204e-009
0.703 0.0102876 0.000124559 0.00414732 7.75752e-009 0.00403299 5.21322e-009
0.704 0.0102873 -0.000673431 0.0041471 2.26754e-007 0.00403316 5.22431e-009
0.705 0.0102863 -0.00147143 0.00414625 1.08255e-006 0.00403332 5.23532e-009
0.706 0.0102844 -0.00226938 0.00414475 2.57504e-006 0.00403348 5.24625e-009
0.707 0.0102817 -0.00306722 0.00414263 4.70391e-006 0.00403364 5.2571e-009
0.708 0.0102782 -0.00386488 0.00413986 7.46866e-006 0.0040338 5.26786e-009
0.709 0.010274 -0.00466232 0.00413646 1.08686e-005 0.00403396 5.27855e-009
0.71 0.0102689 -0.00545947 0.00413243 1.49029e-005 0.00403412 5.28915e-009
0.711 0.0102631 -0.00625626 0.00412777 1.95704e-005 0.00403428 5.29967e-009
0.712 0.0102564 -0.00705265 0.00412247 2.48699e-005 0.00403444 5.31012e-009
0.713 0.010249 -0.00784856 0.00411654 3.08e-005 0.0040346 5.32049e-009
0.714 0.0102407 -0.00864395 0.00410999 3.73589e-005 0.00403475 5.33077e-009
0.715 0.0102317 -0.00943874 0.00410281 4.45449e-005 0.00403491 5.34099e-009
0.716 0.0102218 -0.0102329 0.00409501 5.2356e-005 0.00403507 5.35113e-009
0.717 0.0102112 -0.0110263 0.00408658 6.07899e-005 0.00403522 5.36119e-009
0.718 0.0101998 -0.011819 0.00407754 6.98442e-005 0.00403538 5.37118e-009
0.719 0.0101876 -0.0126108 0.00406787 7.95164e-005 0.00403554 5.3811e-009
0.72 0.0101746 -0.0134018 0.0040576 8.98037e-005 0.00403569 5.39094e-009
0.721 0.0101608 -0.0141918 0.00404671 0.000100703 0.00403585 5.40072e-009
0.722 0.0101462 -0.0149808 0.00403522 0.000112212 0.004036 5.41042e-009
0.723 0.0101308 -0.0157687 0.00402312 0.000124326 0.00403615 5.42006e-009
0.724 0.0101146 -0.0165555 0.00401043 0.000137042 0.00403631 5.42963e-009
0.725 0.0100977 -0.0173411 0.00399713 0.000150357 0.00403646 5.43913e-009
0.726 0.01008 -0.0181254 0.00398325 0.000164266 0.00403661 5.44856e-009
0.727 0.0100614 -0.0189085 0.00396877 0.000178766 0.00403677 5.45794e-009
0.728 0.0100421 -0.0196902 0.00395372 0.000193852 0.00403692 5.46724e-009
0.729 0.0100221 -0.0204705 0.00393808 0.00020952 0.00403707 5.47649e-009
0.73 0.0100012 -0.0212493 0.00392186 0.000225765 0.00403722 5.48567e-009
0.731 0.00997957 -0.0220265 0.00390508 0.000242583 0.00403737 5.4948e-009
0.732 0.00995716 -0.0228021 0.00388773 0.000259969 0.00403752 5.50386e-009
0.733 0.00993397 -0.0235761 0.00386983 0.000277917 0.00403767 5.51287e-009
0.734 0.00991001 -0.0243484 0.00385136 0.000296422 0.00403782 5.52182e-009
0.735 0.00988527 -0.0251189 0.00383235 0.000315479 0.00403797 5.53072e-009
0.736 0.00985977 -0.0258876 0.0038128 0.000335083 0.00403812 5.53956e-009
0.737 0.0098335 -0.0266543 0.00379271 0.000355226 0.00403827 5.54835e-009
0.738 0.00980647 -0.0274191 0.00377208 0.000375904 0.00403842 5.55709e-009
0.739 0.00977867 -0.0281819 0.00375093 0.000397111 0.00403857 5.56578e-009
0.74 0.0097501 -0.0289427 0.00372927 0.000418839 0.00403871 5.57441e-009
0.741 0.00972078 -0.0297013 0.00370709 0.000441083 0.00403886 5.583e-009
0.742 0.0096907 -0.0304577 0.0036844 0.000463836 0.00403901 5.59155e-009
0.743 0.00965987 -0.0312119 0.00366122 0.000487091 0.00403915 5.60005e-009
0.744 0.00962828 -0.0319638 0.00363754 0.000510842 0.0040393 5.6085e-009
0.745 0.00959594 -0.0327133 0.00361338 0.000535081 0.00403945 5.61691e-009
0.746 0.00956286 -0.0334605 0.00358874 0.000559801 0.00403959 5.62528e-009
0.747 0.00952903 -0.0342051 0.00356364 0.000584995 0.00403974 5.63362e-009
0.748 0.00949445 -0.0349472 0.00353807 0.000610655 0.00403989 5.64191e-009
0.749 0.00945913 -0.0356868 0.00351204 0.000636773 0.00404003 5.65016e-009
0.75 0.00942308 -0.0364237 0.00348557 0.000663342 0.00404018 5.65838e-009
0.751 0.00938629 -0.0371579 0.00345866 0.000690354 0.00404032 5.66657e-009
0.752 0.00934877 -0.0378893 0.00343132 0.000717801 0.00404046 5.67472e-009
0.753 0.00931051 -0.038618 0.00340355 0.000745674 0.00404061 5.68284e-009
0.754 0.00927153 -0.0393438 0.00337538 0.000773966 0.00404075 5.69094e-009
0.755 0.00923183 -0.0400666 0.00334679 0.000802667 0.0040409 5.699e-009
0.756 0.0091914 -0.0407865 0.00331782 0.00083177 0.00404104 5.70704e-009
0.757 0.00915026 -0.0415034 0.00328845 0.000861265 0.00404118 5.71505e-009
0.758 0.0091084 -0.0422171 0.0032587 0.000891143 0.00404133 5.72303e-009
0.759 0.00906583 -0.0429278 0.00322859 0.000921396 0.00404147 5.73099e-009
0.76 0.00902255 -0.0436352 0.00319811 0.000952015 0.00404161 5.73894e-009
0.761 0.00897856 -0.0443394 0.00316728 0.00098299 0.00404176 5.74686e-009
0.762 0.00893387 -0.0450402 0.00313611 0.00101431 0.0040419 5.75476e-009
0.763 0.00888848 -0.0457377 0.0031046 0.00104597 0.00404204 5.76265e-009
0.764 0.0088424 -0.0464318 0.00307278 0.00107796 0.00404218 5.77052e-009
0.765 0.00879562 -0.0471225 0.00304064 0.00111026 0.00404232 5.77837e-009
0.766 0.00874816 -0.0478096 0.00300819 0.00114288 0.00404247 5.78622e-009
0.767 0.00870001 -0.0484931 0.00297546 0.00117579 0.00404261 5.79405e-009
0.768 0.00865117 -0.049173 0.00294243 0.00120899 0.00404275 5.80188e-009
0.769 0.00860166 -0.0498492 0.00290914 0.00124247 0.00404289 5.80969e-009
0.77 0.00855148 -0.0505217 0.00287558 0.00127622 0.00404303 5.8175e-009
0.771 0.00850062 -0.0511904 0.00284177 0.00131023 0.00404317 5.82531e-009
0.772 0.0084491 -0.0518553 0.00280771 0.00134449 0.00404331 5.83311e-009
0.773 0.00839692 -0.0525163 0.00277343 0.00137898 0.00404345 5.84091e-009
0.774 0.00834407 -0.0531733 0.00273892 0.0014137 0.0040436 5.84871e-009
0.775 0.00829058 -0.0538264 0.0027042 0.00144864 0.00404374 5.85651e-009
0.776 0.00823643 -0.0544754 0.00266928 0.00148378 0.00404388 5.86432e-009
0.777 0.00818163 -0.0551203 0.00263416 0.00151912 0.00404402 5.87212e-009
0.778 0.00812619 -0.055761 0.00259887 0.00155465 0.00404416 5.87994e-009
0.779 0.00807011 -0.0563976 0.00256341 0.00159034 0.0040443 5.88776e-009
0.78 0.0080134 -0.0570299 0.0025278 0.0016262 0.00404444 5.89559e-009
0.781 0.00795606 -0.0576579 0.00249204 0.00166222 0.00404458 5.90343e-009
0.782 0.00789809 -0.0582816 0.00245614 0.00169837 0.00404472 5.91129e-009
0.783 0.0078395 -0.0589008 0.00242011 0.00173465 0.00404486 5.91916e-009
0.784 0.00778029 -0.0595156 0.00238398 0.00177106 0.004045 5.92704e-009
0.785 0.00772047 -0.060126 0.00234774 0.00180757 0.00404514 5.93494e-009
0.786 0.00766004 -0.0607318 0.00231141 0.00184417 0.00404528 5.94286e-009
0.787 0.00759901 -0.061333 0.002275 0.00188087 0.00404542 5.9508e-009
0.788 0.00753738 -0.0619295 0.00223853 0.00191763 0.00404556 5.95876e-009
0.789 0.00747516 -0.0625214 0.00220199 0.00195446 0.0040457 5.96674e-009
0.79 0.00741234 -0.0631085 0.00216541 0.00199134 0.00404584 5.97475e-009
0.791 0.00734894 -0.0636909 0.0021288 0.00202826 0.00404598 5.98279e-009
0.792 0.00728497 -0.0642684 0.00209216 0.00206521 0.00404612 5.99085e-009
0.793 0.00722041 -0.064841 0.00205551 0.00210218 0.00404626 5.99894e-009
0.794 0.00715529 -0.0654088 0.00201886 0.00213915 0.0040464 6.00707e-009
0.795 0.0070896 -0.0659715 0.00198222 0.00217612 0.00404655 6.01522e-009
0.796 0.00702335 -0.0665293 0.00194561 0.00221307 0.00404669 6.02341e-009
0.797 0.00695655 -0.067082 0.00190903 0.00225 0.00404683 6.03164e-009
0.798 0.00688919 -0.0676296 0.00187249 0.00228688 0.00404697 6.0399e-009
0.799 0.00682129 -0.068172 0.00183601 0.00232371 0.00404711 6.04821e-009
0.8 0.00675285 -0.0687093 0.0017996 0.00236048 0.00404725 6.05655e-009
0.801 0.00668388 -0.0692413 0.00176327 0.00239718 0.00404739 6.06494e-009
0.802 0.00661438 -0.0697681 0.00172703 0.00243379 0.00404753 6.07336e-009
0.803 0.00654435 -0.0702895 0.00169089 0.00247031 0.00404767 6.08184e-009
0.804 0.0064738 -0.0708056 0.00165486 0.00250671 0.00404781 6.09036e-009
0.805 0.00640274 -0.0713162 0.00161896 0.002543 0.00404796 6.09893e-009
0.806 0.00633118 -0.0718214 0.0015832 0.00257916 0.0040481 6.10755e-009
0.807 0.00625911 -0.0723212 0.00154758 0.00261518 0.00404824 6.11622e-009
0.808 0.00618654 -0.0728154 0.00151212 0.00265104 0.00404838 6.12495e-009
0.809 0.00611348 -0.073304 0.00147684 0.00268674 0.00404852 6.13373e-009
0.81 0.00603994 -0.073787 0.00144173 0.00272226 0.00404867 6.14256e-009
0.811 0.00596591 -0.0742643 0.00140681 0.0027576 0.00404881 6.15146e-009
0.812 0.00589141 -0.074736 0.0013721 0.00279274 0.00404895 6.16041e-009
0.813 0.00581645 -0.0752019 0.00133761 0.00282767 0.0040491 6.16942e-009
0.814 0.00574101 -0.0756621 0.00130333 0.00286238 0.00404924 6.1785e-009
0.815 0.00566513 -0.0761165 0.0012693 0.00289686 0.00404938 6.18764e-009
0.816 0.00558879 -0.076565 0.00123551 0.0029311 0.00404952 6.19684e-009
0.817 0.005512 -0.0770076 0.00120198 0.00296509 0.00404967 6.20611e-009
0.818 0.00543478 -0.0774443 0.00116871 0.00299881 0.00404981 6.21545e-009
0.819 0.00535712 -0.077875 0.00113573 0.00303226 0.00404996 6.22486e-009
0.82 0.00527903 -0.0782998 0.00110303 0.00306543 0.0040501 6.23434e-009
0.821 0.00520053 -0.0787185 0.00107064 0.0030983 0.00405025 6.2439e-009
0.822 0.0051216 -0.0791311 0.00103855 0.00313087 0.00405039 6.25352e-009
0.823 0.00504227 -0.0795377 0.00100678 0.00316312 0.00405054 6.26323e-009
0.824 0.00496253 -0.0799381 0.000975349 0.00319505 0.00405068 6.27301e-009
0.825 0.0048824 -0.0803323 0.000944255 0.00322664 0.00405083 6.28287e-009
0.826 0.00480188 -0.0807204 0.000913512 0.00325789 0.00405097 6.29281e-009
0.827 0.00472097 -0.0811021 0.00088313 0.00328878 0.00405112 6.30283e-009
0.828 0.00463968 -0.0814777 0.000853117 0.0033193 0.00405126 6.31293e-009
0.829 0.00455802 -0.0818469 0.000823485 0.00334945 0.00405141 6.32312e-009
0.83 0.00447599 -0.0822097 0.000794243 0.00337922 0.00405156 6.33339e-009
0.831 0.0043936 -0.0825662 0.0007654 0.00340859 0.0040517 6.34376e-009
0.832 0.00431086 -0.0829163 0.000736965 0.00343756 0.00405185 6.3542e-009
0.833 0.00422778 -0.08326 0.000708949 0.00346611 0.004052 6.36474e-009
0.834 0.00414435 -0.0835972 0.000681359 0.00349424 0.00405215 6.37537e-009
0.835 0.00406059 -0.0839279 0.000654205 0.00352195 0.0040523 6.3861e-009
0.836 0.0039765 -0.0842521 0.000627496 0.00354921 0.00405245 6.39691e-009
0.837 0.00389209 -0.0845697 0.00060124 0.00357602 0.00405259 6.40783e-009
0.838 0.00380737 -0.0848808 0.000575446 0.00360237 0.00405274 6.41883e-009
0.839 0.00372234 -0.0851852 0.000550124 0.00362826 0.00405289 6.42994e-009
0.84 0.00363701 -0.085483 0.00052528 0.00365367 0.00405304 6.44114e-009
0.841 0.00355138 -0.0857741 0.000500923 0.0036786 0.00405319 6.45245e-009
0.842 0.00346546 -0.0860586 0.000477061 0.00370304 0.00405334 6.46386e-009
0.843 0.00337927 -0.0863363 0.000453703 0.00372698 0.00405349 6.47536e-009
0.844 0.0032928 -0.0866073 0.000430855 0.00375041 0.00405365 6.48698e-009
0.845 0.00320606 -0.0868715 0.000408526 0.00377333 0.0040538 6.49869e-009
0.846 0.00311906 -0.087129 0.000386723 0.00379573 0.00405395 6.51052e-009
0.847 0.00303181 -0.0873796 0.000365453 0.0038176 0.0040541 6.52245e-009
0.848 0.00294431 -0.0876234 0.000344723 0.00383893 0.00405425 6.53449e-009
0.849 0.00285657 -0.0878603 0.000324541 0.00385971 0.00405441 6.54664e-009
0.85 0.0027686 -0.0880903 0.000304913 0.00387995 0.00405456 6.55889e-009
0.851 0.0026804 -0.0883134 0.000285845 0.00389963 0.00405471 6.57126e-009
0.852 0.00259198 -0.0885296 0.000267345 0.00391875 0.00405487 6.58375e-009
0.853 0.00250334 -0.0887388 0.000249418 0.00393729 0.00405502 6.59634e-009
0.854 0.0024145 -0.0889411 0.00023207 0.00395526 0.00405518 6.60906e-009
0.855 0.00232547 -0.0891364 0.000215309 0.00397265 0.00405533 6.62188e-009
0.856 0.00223624 -0.0893246 0.000199138 0.00398944 0.00405549 6.63483e-009
0.857 0.00214683 -0.0895059 0.000183565 0.00400565 0.00405564 6.64789e-009
0.858 0.00205723 -0.08968 0.000168594 0.00402125 0.0040558 6.66107e-009
0.859 0.00196747 -0.0898471 0.00015423 0.00403625 0.00405596 6.67436e-009
0.86 0.00187755 -0.0900071 0.000140479 0.00405064 0.00405611 6.68778e-009
0.861 0.00178747 -0.0901601 0.000127345 0.00406442 0.00405627 6.70132e-009
0.862 0.00169723 -0.0903059 0.000114834 0.00407757 0.00405643 6.71498e-009
0.863 0.00160686 -0.0904445 0.000102949 0.00409011 0.00405659 6.72877e-009
0.864 0.00151635 -0.090576 9.16945e-005 0.00410201 0.00405674 6.74267e-009
0.865 0.00142572 -0.0907004 8.10752e-005 0.00411328 0.0040569 6.7567e-009
0.866 0.00133496 -0.0908175 7.10945e-005 0.00412391 0.00405706 6.77086e-009
0.867 0.00124409 -0.0909275 6.17564e-005 0.00413391 0.00405722 6.78513e-009
0.868 0.00115311 -0.0910303 5.30641e-005 0.00414326 0.00405738 6.79954e-009
0.869 0.00106203 -0.0911258 4.5021e-005 0.00415196 0.00405754 6.81407e-009
0.87 0.000970866 -0.0912141 3.76301e-005 0.00416001 0.0040577 6.82873e-009
0.871 0.000879614 -0.0912952 3.08944e-005 0.00416741 0.00405787 6.84352e-009
0.872 0.000788283 -0.091369 2.48165e-005 0.00417415 0.00405803 6.85843e-009
0.873 0.000696883 -0.0914356 1.93988e-005 0.00418023 0.00405819 6.87347e-009
0.874 0.000605419 -0.0914948 1.46436e-005 0.00418565 0.00405835 6.88864e-009
0.875 0.0005139 -0.0915468 1.05529e-005 0.00419041 0.00405851 6.90394e-009
0.876 0.000422333 -0.0915915 7.12858e-006 0.0041945 0.00405868 6.91937e-009
0.877 0.000330725 -0.0916289 4.37226e-006 0.00419793 0.00405884 6.93493e-009
0.878 0.000239083 -0.091659 2.28533e-006 0.00420069 0.00405901 6.95062e-009
0.879 0.000147414 -0.0916818 8.68979e-007 0.00420277 0.00405917 6.96644e-009
0.88 5.57263e-005 -0.0916972 1.24203e-007 0.00420419 0.00405933 6.98239e-009
0.881 -3.59732e-005 -0.0917053 5.17665e-008 0.00420494 0.0040595 6.99848e-009
0.882 -0.000127677 -0.0917061 6.52224e-007 0.00420501 0.00405966 7.01469e-009
0.883 -0.000219378 -0.0916996 1.92591e-006 0.00420441 0.00405983 7.03103e-009
0.884 -0.000311069 -0.0916857 3.87296e-006 0.00420313 0.00406 7.04751e-009
0.885 -0.000402742 -0.0916645 6.49328e-006 0.00420119 0.00406016 7.06412e-009
0.886 -0.00049439 -0.0916359 9.78655e-006 0.00419857 0.00406033 7.08085e-009
0.887 -0.000586007 -0.0915999 1.37523e-005 0.00419528 0.0040605 7.09772e-009
0.888 -0.000677583 -0.0915567 1.83897e-005 0.00419131 0.00406067 7.11472e-009
0.889 -0.000769113 -0.091506 2.36978e-005 0.00418668 0.00406083 7.13186e-009
0.89 -0.000860588 -0.091448 2.96755e-005 0.00418137 0.004061 7.14912e-009
0.891 -0.000952001 -0.0913827 3.63214e-005 0.0041754 0.00406117 7.16651e-009
0.892 -0.00104335 -0.09131 4.36338e-005 0.00416876 0.00406134 7.18404e-009
0.893 -0.00113461 -0.0912299 5.16109e-005 0.00416145 0.00406151 7.20169e-009
0.894 -0.0012258 -0.0911425 6.02508e-005 0.00415348 0.00406168 7.21948e-009
0.895 -0.00131689 -0.0910478 6.95511e-005 0.00414485 0.00406185 7.23739e-009
0.896 -0.00140789 -0.0909457 7.95094e-005 0.00413556 0.00406202 7.25543e-009
0.897 -0.00149878 -0.0908362 9.01229e-005 0.00412561 0.00406219 7.27361e-009
0.898 -0.00158955 -0.0907195 0.000101389 0.00411501 0.00406236 7.29191e-009
0.899 -0.00168021 -0.0905953 0.000113304 0.00410376 0.00406254 7.31034e-009
0.9 -0.00177073 -0.0904639 0.000125865 0.00409186 0.00406271 7.32889e-009
0.901 -0.00186113 -0.0903252 0.000139069 0.00407932 0.00406288 7.34758e-009
0.902 -0.00195138 -0.0901791 0.000152911 0.00406613 0.00406305 7.36639e-009
0.903 -0.00204148 -0.0900257 0.000167388 0.00405231 0.00406323 7.38532e-009
0.904 -0.00213142 -0.089865 0.000182495 0.00403786 0.0040634 7.40438e-009
0.905 -0.0022212 -0.0896971 0.000198228 0.00402278 0.00406358 7.42357e-009
0.906 -0.00231081 -0.0895218 0.000214583 0.00400708 0.00406375 7.44288e-009
0.907 -0.00240024 -0.0893393 0.000231555 0.00399076 0.00406392 7.46231e-009
0.908 -0.00248948 -0.0891495 0.000249138 0.00397382 0.0040641 7.48186e-009
0.909 -0.00257853 -0.0889525 0.000267328 0.00395627 0.00406427 7.50154e-009
0.91 -0.00266738 -0.0887482 0.000286119 0.00393812 0.00406445 7.52133e-009
0.911 -0.00275602 -0.0885367 0.000305506 0.00391938 0.00406463 7.54124e-009
0.912 -0.00284444 -0.088318 0.000325482 0.00390004 0.0040648 7.56128e-009
0.913 -0.00293265 -0.0880921 0.000346042 0.00388011 0.00406498 7.58142e-009
0.914 -0.00302062 -0.087859 0.000367179 0.0038596 0.00406516 7.60169e-009
0.915 -0.00310836 -0.0876188 0.000388887 0.00383852 0.00406533 7.62207e-009
0.916 -0.00319585 -0.0873713 0.00041116 0.00381688 0.00406551 7.64256e-009
0.917 -0.00328309 -0.0871168 0.00043399 0.00379467 0.00406569 7.66317e-009
0.918 -0.00337008 -0.0868551 0.000457371 0.0037719 0.00406587 7.68388e-009
0.919 -0.0034568 -0.0865863 0.000481296 0.00374859 0.00406604 7.70471e-009
0.92 -0.00354324 -0.0863104 0.000505756 0.00372474 0.00406622 7.72565e-009
0.921 -0.00362941 -0.0860274 0.000530746 0.00370036 0.0040664 7.74669e-009
0.922 -0.00371529 -0.0857374 0.000556256 0.00367545 0.00406658 7.76784e-009
0.923 -0.00380088 -0.0854404 0.000582279 0.00365003 0.00406676 7.78909e-009
0.924 -0.00388617 -0.0851363 0.000608808 0.0036241 0.00406694 7.81045e-009
0.925 -0.00397114 -0.0848253 0.000635833 0.00359766 0.00406712 7.83191e-009
0.926 -0.00405581 -0.0845073 0.000663346 0.00357074 0.0040673 7.85347e-009
0.927 -0.00414015 -0.0841823 0.000691339 0.00354333 0.00406748 7.87513e-009
0.928 -0.00422417 -0.0838504 0.000719803 0.00351544 0.00406766 7.89688e-009
0.929 -0.00430785 -0.0835116 0.000748729 0.00348709 0.00406784 7.91873e-009
0.93 -0.00439118 -0.0831659 0.000778108 0.00345829 0.00406802 7.94068e-009
0.931 -0.00447417 -0.0828134 0.000807931 0.00342903 0.0040682 7.96271e-009
0.932 -0.0045568 -0.082454 0.000838188 0.00339933 0.00406839 7.98484e-009
0.933 -0.00463907 -0.0820879 0.00086887 0.00336921 0.00406857 8.00705e-009
0.934 -0.00472097 -0.0817149 0.000899967 0.00333866 0.00406875 8.02936e-009
0.935 -0.0048025 -0.0813352 0.000931469 0.00330771 0.00406893 8.05174e-009
0.936 -0.00488364 -0.0809488 0.000963367 0.00327635 0.00406911 8.07422e-009
0.937 -0.00496439 -0.0805557 0.00099565 0.00324461 0.0040693 8.09677e-009
0.938 -0.00504474 -0.0801559 0.00102831 0.00321248 0.00406948 8.1194e-009
0.939 -0.00512469 -0.0797495 0.00106133 0.00317999 0.00406966 8.14211e-009
0.94 -0.00520423 -0.0793364 0.00109471 0.00314714 0.00406984 8.16489e-009
0.941 -0.00528336 -0.0789168 0.00112843 0.00311393 0.00407003 8.18775e-009
0.942 -0.00536206 -0.0784907 0.00116248 0.00308039 0.00407021 8.21068e-009
0.943 -0.00544033 -0.078058 0.00119685 0.00304653 0.00407039 8.23368e-009
0.944 -0.00551817 -0.0776188 0.00123154 0.00301234 0.00407058 8.25675e-009
0.945 -0.00559556 -0.0771732 0.00126652 0.00297785 0.00407076 8.27989e-009
0.946 -0.00567251 -0.0767212 0.00130179 0.00294307 0.00407095 8.30309e-009
0.947 -0.005749 -0.0762628 0.00133734 0.00290801 0.00407113 8.32634e-009
0.948 -0.00582503 -0.075798 0.00137316 0.00287267 0.00407131 8.34966e-009
0.949 -0.00590059 -0.075327 0.00140923 0.00283708 0.0040715 8.37304e-009
0.95 -0.00597568 -0.0748496 0.00144554 0.00280123 0.00407168 8.39647e-009
0.951 -0.00605028 -0.074366 0.00148208 0.00276515 0.00407187 8.41996e-009
0.952 -0.0061244 -0.0738762 0.00151884 0.00272885 0.00407205 8.44349e-009
0.953 -0.00619803 -0.0733803 0.00155581 0.00269233 0.00407224 8.46707e-009
0.954 -0.00627116 -0.0728782 0.00159297 0.00265561 0.00407242 8.49071e-009
0.955 -0.00634378 -0.07237 0.00163032 0.00261871 0.0040726 8.51438e-009
0.956 -0.00641589 -0.0718557 0.00166783 0.00258162 0.00407279 8.5381e-009
0.957 -0.00648748 -0.0713355 0.00170551 0.00254438 0.00407297 8.56185e-009
0.958 -0.00655856 -0.0708093 0.00174333 0.00250698 0.00407316 8.58565e-009
0.959 -0.0066291 -0.0702771 0.00178128 0.00246944 0.00407334 8.60948e-009
0.96 -0.0066991 -0.0697391 0.00181936 0.00243177 0.00407353 8.63334e-009
0.961 -0.00676857 -0.0691952 0.00185755 0.00239398 0.00407371 8.65723e-009
0.962 -0.00683749 -0.0686454 0.00189583 0.0023561 0.0040739 8.68115e-009
0.963 -0.00690585 -0.06809 0.00193419 0.00231812 0.00407408 8.7051e-009
0.964 -0.00697366 -0.0675288 0.00197263 0.00228007 0.00407427 8.72907e-009
0.965 -0.00704091 -0.0669619 0.00201113 0.00224195 0.00407445 8.75307e-009
0.966 -0.00710758 -0.0663894 0.00204967 0.00220378 0.00407464 8.77708e-009
0.967 -0.00717368 -0.0658113 0.00208825 0.00216557 0.00407482 8.80111e-009
0.968 -0.0072392 -0.0652277 0.00212685 0.00212733 0.00407501 8.82515e-009
0.969 -0.00730413 -0.0646386 0.00216545 0.00208907 0.00407519 8.84921e-009
0.97 -0.00736847 -0.064044 0.00220406 0.00205082 0.00407538 8.87328e-009
0.971 -0.00743221 -0.0634441 0.00224264 0.00201257 0.00407556 8.89735e-009
0.972 -0.00749535 -0.0628387 0.0022812 0.00197435 0.00407575 8.92143e-009
0.973 -0.00755788 -0.0622281 0.00231971 0.00193617 0.00407593 8.94552e-009
0.974 -0.0076198 -0.0616122 0.00235817 0.00189803 0.00407612 8.9696e-009
0.975 -0.0076811 -0.0609911 0.00239656 0.00185996 0.0040763 8.99369e-009
0.976 -0.00774178 -0.0603649 0.00243486 0.00182196 0.00407649 9.01777e-009
0.977 -0.00780183 -0.0597335 0.00247308 0.00178405 0.00407667 9.04184e-009
0.978 -0.00786124 -0.0590971 0.00251119 0.00174623 0.00407686 9.06591e-009
0.979 -0.00792002 -0.0584557 0.00254918 0.00170853 0.00407704 9.08997e-009
0.98 -0.00797815 -0.0578093 0.00258704 0.00167096 0.00407723 9.11401e-009
0.981 -0.00803563 -0.057158 0.00262476 0.00163352 0.00407741 9.13804e-009
0.982 -0.00809246 -0.0565019 0.00266232 0.00159623 0.0040776 9.16205e-009
0.983 -0.00814863 -0.055841 0.00269971 0.00155911 0.00407778 9.18605e-009
0.984 -0.00820414 -0.0551753 0.00273692 0.00152216 0.00407796 9.21002e-009
0.985 -0.00825898 -0.0545049 0.00277393 0.00148539 0.00407815 9.23397e-009
0.986 -0.00831314 -0.0538299 0.00281074 0.00144883 0.00407833 9.2579e-009
0.987 -0.00836663 -0.0531503 0.00284733 0.00141248 0.00407852 9.2818e-009
0.988 -0.00841944 -0.0524662 0.0028837 0.00137635 0.0040787 9.30567e-009
0.989 -0.00847156 -0.0517777 0.00291982 0.00134046 0.00407888 9.3295e-009
0.99 -0.00852299 -0.0510847 0.00295568 0.00130482 0.00407907 9.35331e-009
0.991 -0.00857372 -0.0503873 0.00299128 0.00126944 0.00407925 9.37708e-009
0.992 -0.00862376 -0.0496857 0.0030266 0.00123433 0.00407943 9.40081e-009
0.993 -0.00867309 -0.0489798 0.00306163 0.00119951 0.00407961 9.4245e-009
0.994 -0.00872171 -0.0482698 0.00309635 0.00116498 0.0040798 9.44815e-009
0.995 -0.00876963 -0.0475556 0.00313077 0.00113077 0.00407998 9.47176e-009
0.996 -0.00881682 -0.0468373 0.00316485 0.00109687 0.00408016 9.49532e-009
0.997 -0.0088633 -0.046115 0.0031986 0.0010633 0.00408034 9.51883e-009
0.998 -0.00890905 -0.0453888 0.00323201 0.00103007 0.00408053 9.5423e-009
0.999 -0.00895407 -0.0446587 0.00326505 0.000997199 0.00408071 9.56571e-009
