0 0.01 -1.88486e-009  0.004 1.77636e-018 0.004
0.001 0.0099996 -0.000799991  0.00399968 3.19993e-007 0.004
0.002 0.0099984 -0.00159992  0.00399872 1.27987e-006 0.004
0.003 0.0099964 -0.00239971  0.00399712 2.87931e-006 0.004
0.004 0.0099936 -0.00319932  0.00399488 5.11782e-006 0.004
0.005 0.00999 -0.00399867  0.00399201 7.99468e-006 0.004
0.006 0.0099856 -0.0047977  0.00398849 1.1509e-005 0.004
0.007 0.00998041 -0.00559634  0.00398434 1.56595e-005 0.004
0.008 0.00997441 -0.00639454  0.00397955 2.04451e-005 0.004
0.009 0.00996762 -0.00719223  0.00397414 2.58641e-005 0.004
0.01 0.00996003 -0.00798934  0.00396809 3.19148e-005 0.004
0.011 0.00995164 -0.00878581  0.0039614 3.85952e-005 0.004
0.012 0.00994246 -0.00958158  0.0039541 4.59033e-005 0.004
0.013 0.00993248 -0.0103766  0.00394616 5.38367e-005 0.004
0.014 0.0099217 -0.0111708  0.00393761 6.23929e-005 0.004
0.015 0.00991013 -0.011964  0.00392843 7.15691e-005 0.004
0.016 0.00989777 -0.0127564  0.00391864 8.13623e-005 0.004
0.017 0.00988462 -0.0135477  0.00390823 9.17695e-005 0.004
0.018 0.00987068 -0.0143379  0.00389721 0.000102787 0.004
0.019 0.00985595 -0.0151269  0.00388559 0.000114412 0.004
0.02 0.00984043 -0.0159148  0.00387336 0.000126641 0.004
0.021 0.00982412 -0.0167014  0.00386053 0.000139468 0.004
0.022 0.00980702 -0.0174866  0.00384711 0.000152891 0.004
0.023 0.00978915 -0.0182705  0.00383309 0.000166905 0.004
0.024 0.00977048 -0.0190529  0.00381849 0.000181506 0.004
0.025 0.00975104 -0.0198338  0.00380331 0.000196689 0.004
0.026 0.00973082 -0.020613  0.00378755 0.000212449 0.004
0.027 0.00970981 -0.0213907  0.00377122 0.00022878 0.004
0.028 0.00968804 -0.0221666  0.00375432 0.000245679 0.004
0.029 0.00966548 -0.0229407  0.00373686 0.000263138 0.004
0.03 0.00964215 -0.023713  0.00371885 0.000281154 0.004
0.031 0.00961806 -0.0244835  0.00370028 0.00029972 0.004
0.032 0.00959319 -0.0252519  0.00368117 0.000318829 0.004
0.033 0.00956755 -0.0260183  0.00366152 0.000338477 0.004
0.034 0.00954115 -0.0267827  0.00364134 0.000358656 0.004
0.035 0.00951399 -0.0275449  0.00362064 0.000379361 0.004
0.036 0.00948606 -0.0283049  0.00359942 0.000400584 0.004
0.037 0.00945738 -0.0290627  0.00357768 0.000422319 0.004
0.038 0.00942794 -0.0298181  0.00355544 0.000444559 0.004
0.039 0.00939774 -0.0305711  0.0035327 0.000467296 0.004
0.04 0.0093668 -0.0313217  0.00350948 0.000490524 0.004
0.041 0.0093351 -0.0320698  0.00348576 0.000514235 0.004
0.042 0.00930266 -0.0328153  0.00346158 0.000538422 0.004
0.043 0.00926947 -0.0335582  0.00343692 0.000563076 0.004
0.044 0.00923554 -0.0342984  0.00341181 0.00058819 0.004
0.045 0.00920088 -0.0350358  0.00338624 0.000613755 0.004
0.046 0.00916547 -0.0357705  0.00336024 0.000639764 0.004
0.047 0.00912934 -0.0365023  0.00333379 0.000666209 0.004
0.048 0.00909247 -0.0372312  0.00330692 0.00069308 0.004
0.049 0.00905487 -0.0379571  0.00327963 0.00072037 0.004
0.05 0.00901656 -0.0386799  0.00325193 0.000748069 0.004
0.051 0.00897752 -0.0393997  0.00322383 0.000776168 0.004
0.052 0.00893776 -0.0401163  0.00319534 0.00080466 0.004
0.053 0.00889728 -0.0408297  0.00316647 0.000833533 0.004
0.054 0.0088561 -0.0415399  0.00313722 0.00086278 0.004
0.055 0.00881421 -0.0422467  0.00310761 0.000892391 0.004
0.056 0.00877161 -0.0429501  0.00307764 0.000922357 0.004
0.057 0.00872831 -0.0436501  0.00304733 0.000952667 0.004
0.058 0.00868431 -0.0443466  0.00301669 0.000983312 0.004
0.059 0.00863961 -0.0450396  0.00298572 0.00101428 0.004
0.06 0.00859423 -0.045729  0.00295443 0.00104557 0.004
0.061 0.00854816 -0.0464147  0.00292284 0.00107716 0.004
0.062 0.0085014 -0.0470966  0.00289095 0.00110905 0.004
0.063 0.00845397 -0.0477749  0.00285878 0.00114122 0.004
0.064 0.00840585 -0.0484493  0.00282633 0.00117367 0.004
0.065 0.00835707 -0.0491198  0.00279362 0.00120638 0.004
0.066 0.00830762 -0.0497864  0.00276066 0.00123934 0.004
0.067 0.0082575 -0.050449  0.00272745 0.00127255 0.004
0.068 0.00820672 -0.0511076  0.00269401 0.00130599 0.004
0.069 0.00815528 -0.051762  0.00266035 0.00133965 0.004
0.07 0.0081032 -0.0524124  0.00262647 0.00137353 0.004
0.071 0.00805046 -0.0530585  0.0025924 0.0014076 0.004
0.072 0.00799708 -0.0537004  0.00255813 0.00144187 0.004
0.073 0.00794306 -0.054338  0.00252369 0.00147631 0.004
0.074 0.00788841 -0.0549713  0.00248908 0.00151092 0.004
0.075 0.00783312 -0.0556002  0.00245431 0.00154569 0.004
0.076 0.00777721 -0.0562246  0.0024194 0.0015806 0.004
0.077 0.00772067 -0.0568445  0.00238435 0.00161565 0.004
0.078 0.00766352 -0.0574599  0.00234918 0.00165082 0.004
0.079 0.00760575 -0.0580707  0.0023139 0.0016861 0.004
0.08 0.00754738 -0.0586768  0.00227852 0.00172148 0.004
0.081 0.0074884 -0.0592782  0.00224305 0.00175695 0.004
0.082 0.00742882 -0.0598749  0.0022075 0.0017925 0.004
0.083 0.00736865 -0.0604668  0.00217188 0.00182812 0.004
0.084 0.00730789 -0.0610539  0.00213621 0.00186379 0.004
0.085 0.00724655 -0.0616361  0.0021005 0.0018995 0.004
0.086 0.00718462 -0.0622133  0.00206475 0.00193525 0.004
0.087 0.00712212 -0.0627856  0.00202898 0.00197102 0.004
0.088 0.00705905 -0.0633528  0.00199321 0.00200679 0.004
0.089 0.00699542 -0.063915  0.00195743 0.00204257 0.004
0.09 0.00693122 -0.0644721  0.00192167 0.00207833 0.004
0.091 0.00686648 -0.065024  0.00188594 0.00211406 0.004
0.092 0.00680118 -0.0655707  0.00185024 0.00214976 0.004
0.093 0.00673534 -0.0661122  0.00181459 0.00218541 0.004
0.094 0.00666896 -0.0666484  0.001779 0.002221 0.004
0.095 0.00660204 -0.0671792  0.00174348 0.00225652 0.004
0.096 0.0065346 -0.0677047  0.00170804 0.00229196 0.004
0.097 0.00646663 -0.0682247  0.00167269 0.00232731 0.004
0.098 0.00639815 -0.0687393  0.00163745 0.00236255 0.004
0.099 0.00632916 -0.0692484  0.00160233 0.00239767 0.004
0.1 0.00625966 -0.069752  0.00156733 0.00243267 0.004
0.101 0.00618965 -0.0702499  0.00153247 0.00246753 0.004
0.102 0.00611916 -0.0707423  0.00149776 0.00250224 0.004
0.103 0.00604817 -0.071229  0.00146322 0.00253678 0.004
0.104 0.0059767 -0.07171  0.00142884 0.00257116 0.004
0.105 0.00590475 -0.0721853  0.00139464 0.00260536 0.004
0.106 0.00583233 -0.0726547  0.00136064 0.00263936 0.004
0.107 0.00575945 -0.0731184  0.00132685 0.00267315 0.004
0.108 0.0056861 -0.0735762  0.00129327 0.00270673 0.004
0.109 0.0056123 -0.0740282  0.00125991 0.00274009 0.004
0.11 0.00553804 -0.0744742  0.0012268 0.0027732 0.004
0.111 0.00546335 -0.0749143  0.00119393 0.00280607 0.004
0.112 0.00538822 -0.0753483  0.00116132 0.00283868 0.004
0.113 0.00531265 -0.0757764  0.00112897 0.00287103 0.004
0.114 0.00523667 -0.0761983  0.00109691 0.00290309 0.004
0.115 0.00516026 -0.0766142  0.00106513 0.00293487 0.004
0.116 0.00508344 -0.077024  0.00103365 0.00296635 0.004
0.117 0.00500621 -0.0774275  0.00100249 0.00299751 0.004
0.118 0.00492859 -0.0778249  0.000971639 0.00302836 0.004
0.119 0.00485057 -0.0782161  0.00094112 0.00305888 0.004
0.12 0.00477216 -0.078601  0.000910939 0.00308906 0.004
0.121 0.00469337 -0.0789796  0.000881108 0.00311889 0.004
0.122 0.0046142 -0.079352  0.000851634 0.00314837 0.004
0.123 0.00453466 -0.0797179  0.000822527 0.00317747 0.004
0.124 0.00445477 -0.0800775  0.000793798 0.0032062 0.004
0.125 0.00437451 -0.0804307  0.000765454 0.00323455 0.004
0.126 0.00429391 -0.0807774  0.000737506 0.00326249 0.004
0.127 0.00421296 -0.0811177  0.000709961 0.00329004 0.004
0.128 0.00413167 -0.0814515  0.000682829 0.00331717 0.004
0.129 0.00405006 -0.0817787  0.000656119 0.00334388 0.004
0.13 0.00396812 -0.0820995  0.000629839 0.00337016 0.004
0.131 0.00388586 -0.0824136  0.000603997 0.003396 0.004
0.132 0.00380329 -0.0827212  0.000578602 0.0034214 0.004
0.133 0.00372042 -0.0830221  0.000553661 0.00344634 0.004
0.134 0.00363725 -0.0833165  0.000529184 0.00347082 0.004
0.135 0.00355379 -0.0836041  0.000505177 0.00349482 0.004
0.136 0.00347005 -0.0838851  0.000481649 0.00351835 0.004
0.137 0.00338602 -0.0841593  0.000458606 0.00354139 0.004
0.138 0.00330173 -0.0844268  0.000436057 0.00356394 0.004
0.139 0.00321717 -0.0846876  0.000414008 0.00358599 0.004
0.14 0.00313236 -0.0849416  0.000392466 0.00360753 0.004
0.141 0.00304729 -0.0851887  0.000371439 0.00362856 0.004
0.142 0.00296198 -0.0854291  0.000350933 0.00364907 0.004
0.143 0.00287643 -0.0856627  0.000330955 0.00366904 0.004
0.144 0.00279066 -0.0858893  0.000311511 0.00368849 0.004
0.145 0.00270466 -0.0861092  0.000292607 0.00370739 0.004
0.146 0.00261844 -0.0863221  0.00027425 0.00372575 0.004
0.147 0.00253202 -0.0865281  0.000256444 0.00374356 0.004
0.148 0.00244539 -0.0867272  0.000239197 0.0037608 0.004
0.149 0.00235856 -0.0869194  0.000222513 0.00377749 0.004
0.15 0.00227155 -0.0871046  0.000206398 0.0037936 0.004
0.151 0.00218436 -0.0872828  0.000190857 0.00380914 0.004
0.152 0.00209699 -0.0874541  0.000175894 0.00382411 0.004
0.153 0.00200945 -0.0876183  0.000161516 0.00383848 0.004
0.154 0.00192175 -0.0877756  0.000147726 0.00385227 0.004
0.155 0.0018339 -0.0879258  0.000134528 0.00386547 0.004
0.156 0.00174591 -0.088069  0.000121927 0.00387807 0.004
0.157 0.00165777 -0.0882051  0.000109928 0.00389007 0.004
0.158 0.0015695 -0.0883342  9.85329e-005 0.00390147 0.004
0.159 0.0014811 -0.0884562  8.77465e-005 0.00391225 0.004
0.16 0.00139259 -0.0885712  7.7572e-005 0.00392243 0.004
0.161 0.00130396 -0.0886791  6.80126e-005 0.00393199 0.004
0.162 0.00121523 -0.0887798  5.90715e-005 0.00394093 0.004
0.163 0.0011264 -0.0888735  5.07515e-005 0.00394925 0.004
0.164 0.00103749 -0.08896  4.30552e-005 0.00395694 0.004
0.165 0.000948486 -0.0890395  3.59851e-005 0.00396401 0.004
0.166 0.00085941 -0.0891118  2.95434e-005 0.00397046 0.004
0.167 0.000770265 -0.089177  2.37323e-005 0.00397627 0.004
0.168 0.000681059 -0.089235  1.85536e-005 0.00398145 0.004
0.169 0.000591798 -0.089286  1.4009e-005 0.00398599 0.004
0.17 0.000502489 -0.0893297  1.00998e-005 0.0039899 0.004
0.171 0.00041314 -0.0893664  6.8274e-006 0.00399317 0.004
0.172 0.000323759 -0.0893958  4.19279e-006 0.00399581 0.004
0.173 0.000234351 -0.0894182  2.19682e-006 0.0039978 0.004
0.174 0.000144925 -0.0894333  8.40129e-007 0.00399916 0.004
0.175 5.54869e-005 -0.0894413  1.23152e-007 0.00399988 0.004
0.176 -3.39554e-005 -0.0894422  4.61189e-008 0.00399995 0.004
0.177 -0.000123395 -0.0894359  6.09054e-007 0.00399939 0.004
0.178 -0.000212825 -0.0894225  1.81178e-006 0.00399819 0.004
0.179 -0.000302238 -0.0894019  3.6539e-006 0.00399635 0.004
0.18 -0.000391626 -0.0893741  6.13484e-006 0.00399387 0.004
0.181 -0.000480983 -0.0893392  9.2538e-006 0.00399075 0.004
0.182 -0.000570302 -0.0892971  1.30098e-005 0.00398699 0.004
0.183 -0.000659575 -0.089248  1.74016e-005 0.0039826 0.004
0.184 -0.000748796 -0.0891916  2.24278e-005 0.00397757 0.004
0.185 -0.000837956 -0.0891281  2.80868e-005 0.00397191 0.004
0.186 -0.00092705 -0.0890575  3.43768e-005 0.00396562 0.004
0.187 -0.00101607 -0.0889798  4.12958e-005 0.0039587 0.004
0.188 -0.00110501 -0.088895  4.88416e-005 0.00395116 0.004
0.189 -0.00119386 -0.088803  5.70117e-005 0.00394299 0.004
0.19 -0.00128261 -0.088704  6.58036e-005 0.0039342 0.004
0.191 -0.00137126 -0.0885978  7.52144e-005 0.00392479 0.004
0.192 -0.0014598 -0.0884846  8.52411e-005 0.00391476 0.004
0.193 -0.00154823 -0.0883642  9.58805e-005 0.00390412 0.004
0.194 -0.00163653 -0.0882368  0.000107129 0.00389287 0.004
0.195 -0.0017247 -0.0881024  0.000118984 0.00388102 0.004
0.196 -0.00181273 -0.0879609  0.00013144 0.00386856 0.004
0.197 -0.00190062 -0.0878124  0.000144494 0.00385551 0.004
0.198 -0.00198835 -0.0876568  0.000158142 0.00384186 0.004
0.199 -0.00207593 -0.0874942  0.00017238 0.00382762 0.004
0.2 -0.00216334 -0.0873247  0.000187202 0.0038128 0.004
0.201 -0.00225058 -0.0871481  0.000202604 0.0037974 0.004
0.202 -0.00233763 -0.0869646  0.000218581 0.00378142 0.004
0.203 -0.0024245 -0.0867741  0.000235129 0.00376487 0.004
0.204 -0.00251118 -0.0865767  0.000252241 0.00374776 0.004
0.205 -0.00259766 -0.0863723  0.000269913 0.00373009 0.004
0.206 -0.00268392 -0.086161  0.000288138 0.00371186 0.004
0.207 -0.00276998 -0.0859429  0.000306911 0.00369309 0.004
0.208 -0.00285581 -0.0857178  0.000326225 0.00367377 0.004
0.209 -0.00294141 -0.085486  0.000346075 0.00365392 0.004
0.21 -0.00302678 -0.0852472  0.000366455 0.00363355 0.004
0.211 -0.0031119 -0.0850017  0.000387357 0.00361264 0.004
0.212 -0.00319678 -0.0847493  0.000408775 0.00359122 0.004
0.213 -0.0032814 -0.0844902  0.000430703 0.0035693 0.004
0.214 -0.00336576 -0.0842243  0.000453132 0.00354687 0.004
0.215 -0.00344984 -0.0839517  0.000476057 0.00352394 0.004
0.216 -0.00353366 -0.0836723  0.000499469 0.00350053 0.004
0.217 -0.00361719 -0.0833863  0.000523361 0.00347664 0.004
0.218 -0.00370043 -0.0830936  0.000547726 0.00345227 0.004
0.219 -0.00378337 -0.0827943  0.000572556 0.00342744 0.004
0.22 -0.00386601 -0.0824883  0.000597842 0.00340216 0.004
0.221 -0.00394835 -0.0821757  0.000623577 0.00337642 0.004
0.222 -0.00403036 -0.0818565  0.000649753 0.00335025 0.004
0.223 -0.00411206 -0.0815308  0.00067636 0.00332364 0.004
0.224 -0.00419342 -0.0811986  0.000703391 0.00329661 0.004
0.225 -0.00427445 -0.0808599  0.000730837 0.00326916 0.004
0.226 -0.00435514 -0.0805147  0.00075869 0.00324131 0.004
0.227 -0.00443548 -0.0801631  0.000786939 0.00321306 0.004
0.228 -0.00451546 -0.0798051  0.000815576 0.00318442 0.004
0.229 -0.00459509 -0.0794406  0.000844593 0.00315541 0.004
0.23 -0.00467434 -0.0790699  0.000873979 0.00312602 0.004
0.231 -0.00475322 -0.0786927  0.000903726 0.00309627 0.004
0.232 -0.00483173 -0.0783093  0.000933823 0.00306618 0.004
0.233 -0.00490984 -0.0779197  0.000964262 0.00303574 0.004
0.234 -0.00498756 -0.0775238  0.000995032 0.00300497 0.004
0.235 -0.00506489 -0.0771217  0.00102612 0.00297388 0.004
0.236 -0.0051418 -0.0767134  0.00105753 0.00294247 0.004
0.237 -0.00521831 -0.076299  0.00108923 0.00291077 0.004
0.238 -0.0052944 -0.0758785  0.00112123 0.00287877 0.004
0.239 -0.00537007 -0.0754519  0.0011535 0.0028465 0.004
0.24 -0.0054453 -0.0750193  0.00118605 0.00281395 0.004
0.241 -0.0055201 -0.0745807  0.00121886 0.00278114 0.004
0.242 -0.00559446 -0.0741361  0.00125192 0.00274808 0.004
0.243 -0.00566837 -0.0736856  0.00128522 0.00271478 0.004
0.244 -0.00574183 -0.0732292  0.00131874 0.00268126 0.004
0.245 -0.00581483 -0.0727669  0.00135249 0.00264751 0.004
0.246 -0.00588736 -0.0722988  0.00138644 0.00261356 0.004
0.247 -0.00595943 -0.0718249  0.00142059 0.00257941 0.004
0.248 -0.00603101 -0.0713453  0.00145492 0.00254508 0.004
0.249 -0.00610211 -0.07086  0.00148943 0.00251057 0.004
0.25 -0.00617273 -0.070369  0.0015241 0.0024759 0.004
0.251 -0.00624285 -0.0698724  0.00155893 0.00244107 0.004
0.252 -0.00631247 -0.0693701  0.00159389 0.00240611 0.004
0.253 -0.00638159 -0.0688624  0.00162899 0.00237101 0.004
0.254 -0.00645019 -0.0683491  0.0016642 0.0023358 0.004
0.255 -0.00651828 -0.0678304  0.00169952 0.00230048 0.004
0.256 -0.00658585 -0.0673062  0.00173494 0.00226506 0.004
0.257 -0.0066529 -0.0667766  0.00177044 0.00222956 0.004
0.258 -0.00671941 -0.0662417  0.00180602 0.00219398 0.004
0.259 -0.00678538 -0.0657015  0.00184165 0.00215835 0.004
0.26 -0.00685081 -0.0651561  0.00187734 0.00212266 0.004
0.261 -0.00691569 -0.0646054  0.00191307 0.00208693 0.004
0.262 -0.00698002 -0.0640496  0.00194882 0.00205118 0.004
0.263 -0.00704379 -0.0634886  0.0019846 0.0020154 0.004
0.264 -0.00710699 -0.0629226  0.00202037 0.00197963 0.004
0.265 -0.00716963 -0.0623515  0.00205614 0.00194386 0.004
0.266 -0.00723169 -0.0617755  0.0020919 0.0019081 0.004
0.267 -0.00729318 -0.0611945  0.00212762 0.00187238 0.004
0.268 -0.00735408 -0.0606086  0.0021633 0.0018367 0.004
0.269 -0.00741439 -0.0600178  0.00219893 0.00180107 0.004
0.27 -0.00747411 -0.0594223  0.0022345 0.0017655 0.004
0.271 -0.00753324 -0.058822  0.00226999 0.00173001 0.004
0.272 -0.00759176 -0.058217  0.00230539 0.00169461 0.004
0.273 -0.00764967 -0.0576073  0.0023407 0.0016593 0.004
0.274 -0.00770697 -0.0569931  0.0023759 0.0016241 0.004
0.275 -0.00776365 -0.0563742  0.00241097 0.00158903 0.004
0.276 -0.00781972 -0.0557509  0.00244592 0.00155408 0.004
0.277 -0.00787515 -0.0551231  0.00248072 0.00151928 0.004
0.278 -0.00792996 -0.0544909  0.00251537 0.00148463 0.004
0.279 -0.00798413 -0.0538543  0.00254986 0.00145014 0.004
0.28 -0.00803767 -0.0532134  0.00258416 0.00141584 0.004
0.281 -0.00809056 -0.0525683  0.00261829 0.00138171 0.004
0.282 -0.0081428 -0.051919  0.00265221 0.00134779 0.004
0.283 -0.0081944 -0.0512655  0.00268593 0.00131407 0.004
0.284 -0.00824533 -0.0506079  0.00271942 0.00128058 0.004
0.285 -0.00829561 -0.0499462  0.00275269 0.00124731 0.004
0.286 -0.00834522 -0.0492806  0.00278571 0.00121429 0.004
0.287 -0.00839417 -0.048611  0.00281848 0.00118152 0.004
0.288 -0.00844245 -0.0479376  0.002851 0.001149 0.004
0.289 -0.00849004 -0.0472603  0.00288323 0.00111677 0.004
0.29 -0.00853696 -0.0465792  0.00291519 0.00108481 0.004
0.291 -0.0085832 -0.0458944  0.00294685 0.00105315 0.004
0.292 -0.00862875 -0.0452059  0.00297821 0.00102179 0.004
0.293 -0.00867361 -0.0445138  0.00300926 0.000990738 0.004
0.294 -0.00871778 -0.0438181  0.00303999 0.000960014 0.004
0.295 -0.00876125 -0.043119  0.00307038 0.000929622 0.004
0.296 -0.00880402 -0.0424163  0.00310043 0.000899573 0.004
0.297 -0.00884608 -0.0417103  0.00313012 0.000869876 0.004
0.298 -0.00888743 -0.041001  0.00315946 0.00084054 0.004
0.299 -0.00892808 -0.0402884  0.00318842 0.000811576 0.004
0.3 -0.00896801 -0.0395725  0.00321701 0.000782992 0.004
0.301 -0.00900722 -0.0388535  0.0032452 0.000754797 0.004
0.302 -0.00904572 -0.0381314  0.003273 0.000727001 0.004
0.303 -0.00908349 -0.0374062  0.00330039 0.000699612 0.004
0.304 -0.00912053 -0.036678  0.00332736 0.000672639 0.004
0.305 -0.00915684 -0.0359469  0.00335391 0.000646091 0.004
0.306 -0.00919242 -0.035213  0.00338002 0.000619976 0.004
0.307 -0.00922727 -0.0344762  0.0034057 0.000594303 0.004
0.308 -0.00926137 -0.0337366  0.00343092 0.00056908 0.004
0.309 -0.00929474 -0.0329944  0.00345569 0.000544314 0.004
0.31 -0.00932736 -0.0322495  0.00347999 0.000520014 0.004
0.311 -0.00935924 -0.031502  0.00350381 0.000496188 0.004
0.312 -0.00939036 -0.030752  0.00352716 0.000472843 0.004
0.313 -0.00942074 -0.0299996  0.00355001 0.000449987 0.004
0.314 -0.00945036 -0.0292447  0.00357237 0.000427627 0.004
0.315 -0.00947923 -0.0284875  0.00359423 0.00040577 0.004
0.316 -0.00950734 -0.0277281  0.00361558 0.000384423 0.004
0.317 -0.00953468 -0.0269664  0.00363641 0.000363593 0.004
0.318 -0.00956127 -0.0262025  0.00365671 0.000343286 0.004
0.319 -0.00958709 -0.0254366  0.00367649 0.00032351 0.004
0.32 -0.00961214 -0.0246686  0.00369573 0.00030427 0.004
0.321 -0.00963642 -0.0238987  0.00371443 0.000285573 0.004
0.322 -0.00965994 -0.0231268  0.00373258 0.000267425 0.004
0.323 -0.00968268 -0.0223531  0.00375017 0.000249831 0.004
0.324 -0.00970464 -0.0215776  0.0037672 0.000232797 0.004
0.325 -0.00972583 -0.0208004  0.00378367 0.000216328 0.004
0.326 -0.00974624 -0.0200215  0.00379957 0.00020043 0.004
0.327 -0.00976587 -0.019241  0.00381489 0.000185108 0.004
0.328 -0.00978472 -0.018459  0.00382963 0.000170367 0.004
0.329 -0.00980279 -0.0176755  0.00384379 0.000156211 0.004
0.33 -0.00982007 -0.0168906  0.00385735 0.000142645 0.004
0.331 -0.00983657 -0.0161043  0.00387033 0.000129674 0.004
0.332 -0.00985228 -0.0153167  0.0038827 0.000117301 0.004
0.333 -0.00986721 -0.0145279  0.00389447 0.00010553 0.004
0.334 -0.00988134 -0.013738  0.00390563 9.43662e-005 0.004
0.335 -0.00989468 -0.0129469  0.00391619 8.38117e-005 0.004
0.336 -0.00990723 -0.0121549  0.00392613 7.38703e-005 0.004
0.337 -0.00991899 -0.0113618  0.00393545 6.45453e-005 0.004
0.338 -0.00992996 -0.0105678  0.00394416 5.58397e-005 0.004
0.339 -0.00994013 -0.00977304  0.00395224 4.77561e-005 0.004
0.34 -0.0099495 -0.00897745  0.0039597 4.02973e-005 0.004
0.341 -0.00995808 -0.00818114  0.00396653 3.34655e-005 0.004
0.342 -0.00996586 -0.00738417  0.00397274 2.7263e-005 0.004
0.343 -0.00997285 -0.00658662  0.00397831 2.16918e-005 0.004
0.344 -0.00997904 -0.00578854  0.00398325 1.67536e-005 0.004
0.345 -0.00998443 -0.00499  0.00398755 1.245e-005 0.004
0.346 -0.00998902 -0.00419105  0.00399122 8.78246e-006 0.004
0.347 -0.00999281 -0.00339177  0.00399425 5.75207e-006 0.004
0.348 -0.0099958 -0.00259222  0.00399664 3.35981e-006 0.004
0.349 -0.00999799 -0.00179247  0.00399839 1.60647e-006 0.004
0.35 -0.00999938 -0.000992567  0.00399951 4.92595e-007 0.004
0.351 -0.00999998 -0.000192587  0.00399998 1.85449e-008 0.004
0.352 -0.00999977 0.000607408  0.00399982 1.84472e-007 0.004
0.353 -0.00999876 0.00140735  0.00399901 9.90323e-007 0.004
0.354 -0.00999695 0.00220719  0.00399756 2.43584e-006 0.004
0.355 -0.00999435 0.00300685  0.00399548 4.52056e-006 0.004
0.356 -0.00999094 0.00380626  0.00399276 7.24382e-006 0.004
0.357 -0.00998674 0.00460538  0.0039894 1.06047e-005 0.004
0.358 -0.00998173 0.00540412  0.0039854 1.46023e-005 0.004
0.359 -0.00997593 0.00620243  0.00398076 1.92351e-005 0.004
0.36 -0.00996933 0.00700025  0.0039755 2.45017e-005 0.004
0.361 -0.00996193 0.0077975  0.0039696 3.04005e-005 0.004
0.362 -0.00995373 0.00859413  0.00396307 3.69296e-005 0.004
0.363 -0.00994474 0.00939008  0.00395591 4.40868e-005 0.004
0.364 -0.00993495 0.0101853  0.00394813 5.18699e-005 0.004
0.365 -0.00992437 0.0109796  0.00393972 6.02763e-005 0.004
0.366 -0.00991299 0.0117731  0.0039307 6.93035e-005 0.004
0.367 -0.00990082 0.0125657  0.00392105 7.89485e-005 0.004
0.368 -0.00988786 0.0133573  0.00391079 8.92082e-005 0.004
0.369 -0.00987411 0.0141477  0.00389992 0.000100079 0.004
0.37 -0.00985957 0.0149371  0.00388844 0.000111558 0.004
0.371 -0.00984423 0.0157253  0.00387636 0.000123642 0.004
0.372 -0.00982812 0.0165122  0.00386367 0.000136326 0.004
0.373 -0.00981121 0.0172977  0.00385039 0.000149606 0.004
0.374 -0.00979352 0.0180819  0.00383652 0.000163478 0.004
0.375 -0.00977505 0.0188647  0.00382206 0.000177938 0.004
0.376 -0.00975579 0.0196459  0.00380702 0.000192981 0.004
0.377 -0.00973576 0.0204256  0.0037914 0.000208602 0.004
0.378 -0.00971494 0.0212036  0.0037752 0.000224797 0.004
0.379 -0.00969335 0.0219799  0.00375844 0.000241559 0.004
0.38 -0.00967098 0.0227545  0.00374112 0.000258884 0.004
0.381 -0.00964784 0.0235273  0.00372323 0.000276767 0.004
0.382 -0.00962393 0.0242982  0.0037048 0.0002952 0.004
0.383 -0.00959925 0.0250671  0.00368582 0.00031418 0.004
0.384 -0.00957379 0.025834  0.0036663 0.000333698 0.004
0.385 -0.00954758 0.0265989  0.00364625 0.00035375 0.004
0.386 -0.0095206 0.0273616  0.00362567 0.000374329 0.004
0.387 -0.00949286 0.0281222  0.00360457 0.000395428 0.004
0.388 -0.00946435 0.0288804  0.00358296 0.00041704 0.004
0.389 -0.0094351 0.0296364  0.00356084 0.000439159 0.004
0.39 -0.00940508 0.03039  0.00353822 0.000461777 0.004
0.391 -0.00937432 0.0311412  0.00351511 0.000484888 0.004
0.392 -0.0093428 0.0318899  0.00349152 0.000508483 0.004
0.393 -0.00931054 0.0326361  0.00346744 0.000532556 0.004
0.394 -0.00927753 0.0333796  0.0034429 0.000557098 0.004
0.395 -0.00924378 0.0341204  0.0034179 0.000582102 0.004
0.396 -0.00920929 0.0348586  0.00339244 0.00060756 0.004
0.397 -0.00917406 0.0355939  0.00336654 0.000633463 0.004
0.398 -0.0091381 0.0363264  0.0033402 0.000659803 0.004
0.399 -0.00910141 0.037056  0.00331343 0.000686573 0.004
0.4 -0.00906399 0.0377826  0.00328624 0.000713762 0.004
0.401 -0.00902585 0.0385062  0.00325864 0.000741364 0.004
0.402 -0.00898698 0.0392267  0.00323063 0.000769368 0.004
0.403 -0.00894739 0.0399441  0.00320223 0.000797765 0.004
0.404 -0.00890709 0.0406583  0.00317345 0.000826548 0.004
0.405 -0.00886608 0.0413692  0.00314429 0.000855706 0.004
0.406 -0.00882436 0.0420768  0.00311477 0.00088523 0.004
0.407 -0.00878193 0.0427811  0.00308489 0.000915111 0.004
0.408 -0.00873879 0.0434819  0.00305466 0.000945339 0.004
0.409 -0.00869496 0.0441793  0.0030241 0.000975904 0.004
0.41 -0.00865044 0.0448731  0.0029932 0.0010068 0.004
0.411 -0.00860522 0.0455633  0.00296199 0.00103801 0.004
0.412 -0.00855931 0.0462499  0.00293047 0.00106953 0.004
0.413 -0.00851272 0.0469328  0.00289866 0.00110134 0.004
0.414 -0.00846545 0.0476119  0.00286655 0.00113345 0.004
0.415 -0.0084175 0.0482873  0.00283417 0.00116583 0.004
0.416 -0.00836887 0.0489587  0.00280152 0.00119848 0.004
0.417 -0.00831958 0.0496263  0.00276862 0.00123138 0.004
0.418 -0.00826962 0.0502898  0.00273547 0.00126453 0.004
0.419 -0.008219 0.0509494  0.00270208 0.00129792 0.004
0.42 -0.00816773 0.0516049  0.00266847 0.00133153 0.004
0.421 -0.00811579 0.0522562  0.00263464 0.00136536 0.004
0.422 -0.00806321 0.0529034  0.00260062 0.00139938 0.004
0.423 -0.00800999 0.0535463  0.0025664 0.0014336 0.004
0.424 -0.00795612 0.0541849  0.002532 0.001468 0.004
0.425 -0.00790162 0.0548193  0.00249742 0.00150258 0.004
0.426 -0.00784649 0.0554492  0.00246269 0.00153731 0.004
0.427 -0.00779072 0.0560747  0.00242782 0.00157218 0.004
0.428 -0.00773434 0.0566957  0.0023928 0.0016072 0.004
0.429 -0.00767733 0.0573122  0.00235766 0.00164234 0.004
0.43 -0.00761972 0.057924  0.0023224 0.0016776 0.004
0.431 -0.00756149 0.0585313  0.00228704 0.00171296 0.004
0.432 -0.00750265 0.0591339  0.00225159 0.00174841 0.004
0.433 -0.00744322 0.0597317  0.00221606 0.00178394 0.004
0.434 -0.00738319 0.0603248  0.00218046 0.00181954 0.004
0.435 -0.00732257 0.060913  0.0021448 0.0018552 0.004
0.436 -0.00726137 0.0614964  0.0021091 0.0018909 0.004
0.437 -0.00719958 0.0620748  0.00207336 0.00192664 0.004
0.438 -0.00713722 0.0626483  0.0020376 0.0019624 0.004
0.439 -0.00707429 0.0632167  0.00200182 0.00199818 0.004
0.44 -0.00701079 0.0637801  0.00196605 0.00203395 0.004
0.441 -0.00694673 0.0643385  0.00193028 0.00206972 0.004
0.442 -0.00688211 0.0648916  0.00189454 0.00210546 0.004
0.443 -0.00681695 0.0654396  0.00185883 0.00214117 0.004
0.444 -0.00675124 0.0659823  0.00182317 0.00217683 0.004
0.445 -0.00668498 0.0665198  0.00178756 0.00221244 0.004
0.446 -0.0066182 0.0670519  0.00175202 0.00224798 0.004
0.447 -0.00655088 0.0675787  0.00171656 0.00228344 0.004
0.448 -0.00648304 0.0681  0.00168119 0.00231881 0.004
0.449 -0.00641468 0.0686159  0.00164593 0.00235407 0.004
0.45 -0.00634581 0.0691264  0.00161077 0.00238923 0.004
0.451 -0.00627643 0.0696312  0.00157574 0.00242426 0.004
0.452 -0.00620655 0.0701306  0.00154085 0.00245915 0.004
0.453 -0.00613617 0.0706243  0.00150611 0.00249389 0.004
0.454 -0.00606531 0.0711123  0.00147152 0.00252848 0.004
0.455 -0.00599395 0.0715947  0.0014371 0.0025629 0.004
0.456 -0.00592212 0.0720714  0.00140286 0.00259714 0.004
0.457 -0.00584981 0.0725422  0.00136881 0.00263119 0.004
0.458 -0.00577704 0.0730073  0.00133497 0.00266503 0.004
0.459 -0.0057038 0.0734666  0.00130133 0.00269867 0.004
0.46 -0.0056301 0.0739199  0.00126792 0.00273208 0.004
0.461 -0.00555596 0.0743674  0.00123475 0.00276525 0.004
0.462 -0.00548137 0.0748089  0.00120182 0.00279818 0.004
0.463 -0.00540634 0.0752444  0.00116914 0.00283086 0.004
0.464 -0.00533088 0.0756739  0.00113673 0.00286327 0.004
0.465 -0.005255 0.0760973  0.0011046 0.0028954 0.004
0.466 -0.00517869 0.0765147  0.00107275 0.00292725 0.004
0.467 -0.00510197 0.0769259  0.0010412 0.0029588 0.004
0.468 -0.00502484 0.077331  0.00100996 0.00299004 0.004
0.469 -0.00494731 0.0777298  0.000979036 0.00302096 0.004
0.47 -0.00486938 0.0781225  0.000948436 0.00305156 0.004
0.471 -0.00479107 0.0785089  0.000918173 0.00308183 0.004
0.472 -0.00471237 0.0788891  0.000888257 0.00311174 0.004
0.473 -0.00463329 0.0792629  0.000858696 0.0031413 0.004
0.474 -0.00455385 0.0796304  0.0008295 0.0031705 0.004
0.475 -0.00447403 0.0799915  0.000800679 0.00319932 0.004
0.476 -0.00439386 0.0803462  0.000772242 0.00322776 0.004
0.477 -0.00431334 0.0806945  0.000744197 0.0032558 0.004
0.478 -0.00423248 0.0810364  0.000716555 0.00328345 0.004
0.479 -0.00415127 0.0813717  0.000689323 0.00331068 0.004
0.48 -0.00406974 0.0817005  0.00066251 0.00333749 0.004
0.481 -0.00398787 0.0820229  0.000636126 0.00336387 0.004
0.482 -0.00390569 0.0823386  0.000610177 0.00338982 0.004
0.483 -0.0038232 0.0826478  0.000584674 0.00341533 0.004
0.484 -0.0037404 0.0829503  0.000559624 0.00344038 0.004
0.485 -0.0036573 0.0832462  0.000535034 0.00346497 0.004
0.486 -0.00357391 0.0835355  0.000510913 0.00348909 0.004
0.487 -0.00349023 0.083818  0.000487269 0.00351273 0.004
0.488 -0.00340628 0.0840939  0.000464108 0.00353589 0.004
0.489 -0.00332205 0.084363  0.00044144 0.00355856 0.004
0.49 -0.00323755 0.0846254  0.00041927 0.00358073 0.004
0.491 -0.0031528 0.084881  0.000397605 0.00360239 0.004
0.492 -0.00306779 0.0851299  0.000376454 0.00362355 0.004
0.493 -0.00298254 0.0853719  0.000355822 0.00364418 0.004
0.494 -0.00289705 0.0856071  0.000335716 0.00366428 0.004
0.495 -0.00281133 0.0858354  0.000316143 0.00368386 0.004
0.496 -0.00272538 0.0860569  0.000297108 0.00370289 0.004
0.497 -0.00263922 0.0862714  0.000278619 0.00372138 0.004
0.498 -0.00255284 0.0864791  0.00026068 0.00373932 0.004
0.499 -0.00246626 0.0866799  0.000243298 0.0037567 0.004
0.5 -0.00237948 0.0868737  0.000226478 0.00377352 0.004
0.501 -0.00229252 0.0870606  0.000210225 0.00378977 0.004
0.502 -0.00220536 0.0872405  0.000194545 0.00380545 0.004
0.503 -0.00211804 0.0874135  0.000179443 0.00382056 0.004
0.504 -0.00203054 0.0875794  0.000164924 0.00383508 0.004
0.505 -0.00194288 0.0877383  0.000150991 0.00384901 0.004
0.506 -0.00185507 0.0878903  0.000137651 0.00386235 0.004
0.507 -0.0017671 0.0880352  0.000124906 0.00387509 0.004
0.508 -0.001679 0.088173  0.000112761 0.00388724 0.004
0.509 -0.00159076 0.0883038  0.000101221 0.00389878 0.004
0.51 -0.00150239 0.0884275  9.02874e-005 0.00390971 0.004
0.511 -0.00141391 0.0885442  7.99652e-005 0.00392003 0.004
0.512 -0.00132531 0.0886537  7.02575e-005 0.00392974 0.004
0.513 -0.0012366 0.0887562  6.11673e-005 0.00393883 0.004
0.514 -0.0011478 0.0888516  5.26975e-005 0.0039473 0.004
0.515 -0.0010589 0.0889399  4.48508e-005 0.00395515 0.004
0.516 -0.000969919 0.089021  3.76297e-005 0.00396237 0.004
0.517 -0.000880861 0.089095  3.10366e-005 0.00396896 0.004
0.518 -0.000791732 0.0891619  2.50736e-005 0.00397493 0.004
0.519 -0.000702539 0.0892217  1.97425e-005 0.00398026 0.004
0.52 -0.000613291 0.0892744  1.5045e-005 0.00398495 0.004
0.521 -0.000523993 0.0893198  1.09827e-005 0.00398902 0.004
0.522 -0.000434653 0.0893582  7.55694e-006 0.00399244 0.004
0.523 -0.000345279 0.0893894  4.7687e-006 0.00399523 0.004
0.524 -0.000255877 0.0894134  2.61892e-006 0.00399738 0.004
0.525 -0.000166454 0.0894303  1.10828e-006 0.00399889 0.004
0.526 -7.70186e-005 0.0894401  2.37274e-007 0.00399976 0.004
0.527 1.24234e-005 0.0894427  6.1736e-009 0.00399999 0.004
0.528 0.000101864 0.0894381  4.15054e-007 0.00399958 0.004
0.529 0.000191297 0.0894264  1.46378e-006 0.00399854 0.004
0.53 0.000280715 0.0894075  3.15203e-006 0.00399685 0.004
0.531 0.00037011 0.0893814  5.47925e-006 0.00399452 0.004
0.532 0.000459475 0.0893483  8.4447e-006 0.00399156 0.004
0.533 0.000548804 0.0893079  1.20474e-005 0.00398795 0.004
0.534 0.000638089 0.0892604  1.62863e-005 0.00398371 0.004
0.535 0.000727322 0.0892058  2.11599e-005 0.00397884 0.004
0.536 0.000816498 0.0891441  2.66668e-005 0.00397333 0.004
0.537 0.000905608 0.0890752  3.2805e-005 0.00396719 0.004
0.538 0.000994646 0.0889992  3.95728e-005 0.00396043 0.004
0.539 0.0010836 0.0889161  4.69679e-005 0.00395303 0.004
0.54 0.00117248 0.0888258  5.4988e-005 0.00394501 0.004
0.541 0.00126125 0.0887285  6.36304e-005 0.00393637 0.004
0.542 0.00134993 0.088624  7.28925e-005 0.00392711 0.004
0.543 0.0014385 0.0885125  8.27712e-005 0.00391723 0.004
0.544 0.00152695 0.0883939  9.32634e-005 0.00390674 0.004
0.545 0.00161528 0.0882682  0.000104366 0.00389563 0.004
0.546 0.00170349 0.0881354  0.000116075 0.00388393 0.004
0.547 0.00179155 0.0879956  0.000128386 0.00387161 0.004
0.548 0.00187948 0.0878488  0.000141297 0.0038587 0.004
0.549 0.00196725 0.0876949  0.000154803 0.0038452 0.004
0.55 0.00205486 0.087534  0.000168898 0.0038311 0.004
0.551 0.00214231 0.0873661  0.00018358 0.00381642 0.004
0.552 0.00222959 0.0871912  0.000198843 0.00380116 0.004
0.553 0.00231669 0.0870094  0.000214683 0.00378532 0.004
0.554 0.00240361 0.0868206  0.000231094 0.00376891 0.004
0.555 0.00249033 0.0866248  0.00024807 0.00375193 0.004
0.556 0.00257686 0.0864221  0.000265608 0.00373439 0.004
0.557 0.00266317 0.0862125  0.0002837 0.0037163 0.004
0.558 0.00274928 0.085996  0.000302342 0.00369766 0.004
0.559 0.00283516 0.0857726  0.000321526 0.00367847 0.004
0.56 0.00292082 0.0855424  0.000341248 0.00365875 0.004
0.561 0.00300625 0.0853053  0.000361501 0.0036385 0.004
0.562 0.00309143 0.0850614  0.000382278 0.00361772 0.004
0.563 0.00317637 0.0848107  0.000403572 0.00359643 0.004
0.564 0.00326105 0.0845532  0.000425378 0.00357462 0.004
0.565 0.00334547 0.0842889  0.000447687 0.00355231 0.004
0.566 0.00342963 0.0840179  0.000470493 0.00352951 0.004
0.567 0.00351351 0.0837402  0.000493789 0.00350621 0.004
0.568 0.0035971 0.0834558  0.000517566 0.00348243 0.004
0.569 0.00368041 0.0831647  0.000541818 0.00345818 0.004
0.57 0.00376343 0.0828669  0.000566537 0.00343346 0.004
0.571 0.00384615 0.0825625  0.000591714 0.00340829 0.004
0.572 0.00392855 0.0822515  0.000617341 0.00338266 0.004
0.573 0.00401065 0.081934  0.000643412 0.00335659 0.004
0.574 0.00409242 0.0816099  0.000669916 0.00333008 0.004
0.575 0.00417386 0.0812792  0.000696846 0.00330315 0.004
0.576 0.00425498 0.080942  0.000724193 0.00327581 0.004
0.577 0.00433575 0.0805984  0.000751948 0.00324805 0.004
0.578 0.00441617 0.0802483  0.000780102 0.0032199 0.004
0.579 0.00449624 0.0798918  0.000808647 0.00319135 0.004
0.58 0.00457595 0.0795289  0.000837574 0.00316243 0.004
0.581 0.0046553 0.0791597  0.000866872 0.00313313 0.004
0.582 0.00473427 0.0787841  0.000896532 0.00310347 0.004
0.583 0.00481286 0.0784022  0.000926546 0.00307345 0.004
0.584 0.00489107 0.0780141  0.000956903 0.0030431 0.004
0.585 0.00496889 0.0776197  0.000987594 0.00301241 0.004
0.586 0.00504631 0.077219  0.00101861 0.00298139 0.004
0.587 0.00512333 0.0768123  0.00104994 0.00295006 0.004
0.588 0.00519993 0.0763993  0.00108157 0.00291843 0.004
0.589 0.00527612 0.0759803  0.0011135 0.0028865 0.004
0.59 0.00535189 0.0755552  0.00114571 0.00285429 0.004
0.591 0.00542723 0.075124  0.00117819 0.00282181 0.004
0.592 0.00550214 0.0746868  0.00121094 0.00278906 0.004
0.593 0.0055766 0.0742437  0.00124394 0.00275606 0.004
0.594 0.00565062 0.0737946  0.00127718 0.00272282 0.004
0.595 0.00572419 0.0733396  0.00131065 0.00268935 0.004
0.596 0.0057973 0.0728787  0.00134435 0.00265565 0.004
0.597 0.00586994 0.072412  0.00137825 0.00262175 0.004
0.598 0.00594212 0.0719395  0.00141235 0.00258765 0.004
0.599 0.00601382 0.0714613  0.00144664 0.00255336 0.004
0.6 0.00608504 0.0709773  0.00148111 0.00251889 0.004
0.601 0.00615577 0.0704877  0.00151574 0.00248426 0.004
0.602 0.00622601 0.0699924  0.00155053 0.00244947 0.004
0.603 0.00629576 0.0694915  0.00158546 0.00241454 0.004
0.604 0.006365 0.0689851  0.00162053 0.00237947 0.004
0.605 0.00643373 0.0684732  0.00165571 0.00234429 0.004
0.606 0.00650194 0.0679557  0.00169101 0.00230899 0.004
0.607 0.00656964 0.0674329  0.0017264 0.0022736 0.004
0.608 0.0066368 0.0669046  0.00176189 0.00223811 0.004
0.609 0.00670344 0.066371  0.00179745 0.00220255 0.004
0.61 0.00676954 0.0658321  0.00183307 0.00216693 0.004
0.611 0.00683511 0.0652879  0.00186875 0.00213125 0.004
0.612 0.00690012 0.0647385  0.00190447 0.00209553 0.004
0.613 0.00696458 0.0641839  0.00194022 0.00205978 0.004
0.614 0.00702848 0.0636241  0.00197598 0.00202402 0.004
0.615 0.00709183 0.0630593  0.00201176 0.00198824 0.004
0.616 0.0071546 0.0624895  0.00204753 0.00195247 0.004
0.617 0.0072168 0.0619146  0.00208329 0.00191671 0.004
0.618 0.00727843 0.0613348  0.00211902 0.00188098 0.004
0.619 0.00733947 0.0607501  0.00215471 0.00184529 0.004
0.62 0.00739993 0.0601605  0.00219036 0.00180964 0.004
0.621 0.00745979 0.0595661  0.00222594 0.00177406 0.004
0.622 0.00751906 0.0589669  0.00226145 0.00173855 0.004
0.623 0.00757772 0.0583631  0.00229688 0.00170312 0.004
0.624 0.00763578 0.0577545  0.00233221 0.00166779 0.004
0.625 0.00769323 0.0571414  0.00236743 0.00163257 0.004
0.626 0.00775006 0.0565236  0.00240254 0.00159746 0.004
0.627 0.00780628 0.0559014  0.00243752 0.00156248 0.004
0.628 0.00786187 0.0552746  0.00247236 0.00152764 0.004
0.629 0.00791682 0.0546435  0.00250704 0.00149296 0.004
0.63 0.00797115 0.054008  0.00254157 0.00145843 0.004
0.631 0.00802484 0.0533681  0.00257592 0.00142408 0.004
0.632 0.00807789 0.052724  0.00261009 0.00138991 0.004
0.633 0.00813029 0.0520757  0.00264406 0.00135594 0.004
0.634 0.00818204 0.0514232  0.00267783 0.00132217 0.004
0.635 0.00823313 0.0507666  0.00271138 0.00128862 0.004
0.636 0.00828357 0.0501059  0.0027447 0.0012553 0.004
0.637 0.00833334 0.0494412  0.00277778 0.00122222 0.004
0.638 0.00838245 0.0487726  0.00281062 0.00118938 0.004
0.639 0.00843089 0.0481  0.00284319 0.00115681 0.004
0.64 0.00847865 0.0474237  0.0028755 0.0011245 0.004
0.641 0.00852573 0.0467435  0.00290752 0.00109248 0.004
0.642 0.00857213 0.0460596  0.00293926 0.00106074 0.004
0.643 0.00861785 0.045372  0.00297069 0.00102931 0.004
0.644 0.00866288 0.0446807  0.00300182 0.000998183 0.004
0.645 0.00870721 0.0439859  0.00303262 0.00096738 0.004
0.646 0.00875085 0.0432876  0.00306309 0.000936907 0.004
0.647 0.00879378 0.0425858  0.00309323 0.000906775 0.004
0.648 0.00883602 0.0418806  0.00312301 0.000876992 0.004
0.649 0.00887754 0.041172  0.00315243 0.000847569 0.004
0.65 0.00891836 0.0404602  0.00318149 0.000818514 0.004
0.651 0.00895846 0.0397451  0.00321016 0.000789838 0.004
0.652 0.00899785 0.0390269  0.00323845 0.000761548 0.004
0.653 0.00903652 0.0383055  0.00326634 0.000733655 0.004
0.654 0.00907446 0.0375811  0.00329383 0.000706168 0.004
0.655 0.00911168 0.0368536  0.00332091 0.000679094 0.004
0.656 0.00914817 0.0361232  0.00334756 0.000652443 0.004
0.657 0.00918392 0.0353899  0.00337378 0.000626223 0.004
0.658 0.00921894 0.0346538  0.00339956 0.000600443 0.004
0.659 0.00925323 0.0339149  0.00342489 0.00057511 0.004
0.66 0.00928677 0.0331733  0.00344977 0.000550234 0.004
0.661 0.00931957 0.032429  0.00347418 0.000525821 0.004
0.662 0.00935163 0.0316822  0.00349812 0.00050188 0.004
0.663 0.00938294 0.0309328  0.00352158 0.000478419 0.004
0.664 0.0094135 0.0301809  0.00354456 0.000455444 0.004
0.665 0.0094433 0.0294267  0.00356704 0.000432964 0.004
0.666 0.00947235 0.02867  0.00358901 0.000410985 0.004
0.667 0.00950064 0.0279111  0.00361049 0.000389515 0.004
0.668 0.00952817 0.0271499  0.00363144 0.00036856 0.004
0.669 0.00955494 0.0263866  0.00365187 0.000348127 0.004
0.67 0.00958094 0.0256212  0.00367178 0.000328222 0.004
0.671 0.00960618 0.0248537  0.00369115 0.000308853 0.004
0.672 0.00963065 0.0240842  0.00370998 0.000290025 0.004
0.673 0.00965435 0.0233128  0.00372826 0.000271743 0.004
0.674 0.00967727 0.0225395  0.00374598 0.000254015 0.004
0.675 0.00969943 0.0217645  0.00376315 0.000236846 0.004
0.676 0.0097208 0.0209876  0.00377976 0.000220241 0.004
0.677 0.0097414 0.0202092  0.0037958 0.000204205 0.004
0.678 0.00976122 0.019429  0.00381126 0.000188744 0.004
0.679 0.00978026 0.0186474  0.00382614 0.000173862 0.004
0.68 0.00979851 0.0178642  0.00384043 0.000159565 0.004
0.681 0.00981599 0.0170796  0.00385414 0.000145857 0.004
0.682 0.00983267 0.0162937  0.00386726 0.000132742 0.004
0.683 0.00984857 0.0155064  0.00387978 0.000120225 0.004
0.684 0.00986368 0.0147179  0.00389169 0.000108309 0.004
0.685 0.00987801 0.0139283  0.003903 9.69982e-005 0.004
0.686 0.00989154 0.0131375  0.0039137 8.62966e-005 0.004
0.687 0.00990428 0.0123456  0.00392379 7.62074e-005 0.004
0.688 0.00991623 0.0115528  0.00393327 6.67337e-005 0.004
0.689 0.00992739 0.0107591  0.00394212 5.78787e-005 0.004
0.69 0.00993775 0.00996445  0.00395035 4.96451e-005 0.004
0.691 0.00994732 0.00916904  0.00395796 4.20357e-005 0.004
0.692 0.00995609 0.0083729  0.00396495 3.50527e-005 0.004
0.693 0.00996406 0.00757609  0.0039713 2.86986e-005 0.004
0.694 0.00997124 0.00677867  0.00397702 2.29752e-005 0.004
0.695 0.00997762 0.00598071  0.00398212 1.78845e-005 0.004
0.696 0.0099832 0.00518227  0.00398657 1.3428e-005 0.004
0.697 0.00998798 0.00438342  0.00399039 9.60719e-006 0.004
0.698 0.00999197 0.00358422  0.00399358 6.4233e-006 0.004
0.699 0.00999515 0.00278473  0.00399612 3.87735e-006 0.004
0.7 0.00999754 0.00198501  0.00399803 1.97014e-006 0.004
0.701 0.00999912 0.00118514  0.0039993 7.02281e-007 0.004
0.702 0.00999991 0.000385175  0.00399993 7.418e-008 0.004
0.703 0.00999989 -0.000414822  0.00399991 8.60386e-008 0.004
0.704 0.00999908 -0.00121479  0.00399926 7.37853e-007 0.004
0.705 0.00999746 -0.00201465  0.00399797 2.02941e-006 0.004
0.706 0.00999505 -0.00281436  0.00399604 3.96031e-006 0.004
0.707 0.00999183 -0.00361384  0.00399347 6.52992e-006 0.004
0.708 0.00998782 -0.00441303  0.00399026 9.73742e-006 0.004
0.709 0.00998301 -0.00521187  0.00398642 1.35818e-005 0.004
0.71 0.0099774 -0.00601029  0.00398194 1.80618e-005 0.004
0.711 0.00997099 -0.00680823  0.00397682 2.3176e-005 0.004
0.712 0.00996378 -0.00760563  0.00397108 2.89228e-005 0.004
0.713 0.00995578 -0.00840242  0.0039647 3.53003e-005 0.004
0.714 0.00994698 -0.00919853  0.00395769 4.23065e-005 0.004
0.715 0.00993738 -0.00999391  0.00395006 4.99391e-005 0.004
0.716 0.00992699 -0.0107885  0.0039418 5.81958e-005 0.004
0.717 0.0099158 -0.0115822  0.00393293 6.70738e-005 0.004
0.718 0.00990382 -0.012375  0.00392343 7.65703e-005 0.004
0.719 0.00989105 -0.0131668  0.00391332 8.66823e-005 0.004
0.72 0.00987749 -0.0139575  0.00390259 9.74065e-005 0.004
0.721 0.00986314 -0.0147472  0.00389126 0.00010874 0.004
0.722 0.009848 -0.0155356  0.00387932 0.000120678 0.004
0.723 0.00983207 -0.0163228  0.00386678 0.000133217 0.004
0.724 0.00981535 -0.0171087  0.00385365 0.000146354 0.004
0.725 0.00979785 -0.0178933  0.00383992 0.000160085 0.004
0.726 0.00977957 -0.0186764  0.0038256 0.000174403 0.004
0.727 0.0097605 -0.019458  0.00381069 0.000189306 0.004
0.728 0.00974065 -0.020238  0.00379521 0.000204789 0.004
0.729 0.00972002 -0.0210165  0.00377915 0.000220846 0.004
0.73 0.00969862 -0.0217932  0.00376253 0.000237472 0.004
0.731 0.00967644 -0.0225682  0.00374534 0.000254662 0.004
0.732 0.00965348 -0.0233414  0.00372759 0.000272411 0.004
0.733 0.00962976 -0.0241128  0.00370929 0.000290713 0.004
0.734 0.00960526 -0.0248822  0.00369044 0.000309561 0.004
0.735 0.00957999 -0.0256496  0.00367105 0.00032895 0.004
0.736 0.00955396 -0.0264149  0.00365113 0.000348875 0.004
0.737 0.00952716 -0.0271782  0.00363067 0.000369327 0.004
0.738 0.0094996 -0.0279393  0.0036097 0.000390301 0.004
0.739 0.00947128 -0.0286981  0.00358821 0.000411791 0.004
0.74 0.00944221 -0.0294547  0.00356621 0.000433788 0.004
0.741 0.00941238 -0.0302088  0.00354371 0.000456287 0.004
0.742 0.00938179 -0.0309606  0.00352072 0.00047928 0.004
0.743 0.00935046 -0.0317099  0.00349724 0.000502759 0.004
0.744 0.00931837 -0.0324567  0.00347328 0.000526718 0.004
0.745 0.00928554 -0.0332008  0.00344885 0.000551147 0.004
0.746 0.00925197 -0.0339423  0.00342396 0.000576041 0.004
0.747 0.00921766 -0.0346811  0.00339861 0.00060139 0.004
0.748 0.00918261 -0.0354171  0.00337281 0.000627187 0.004
0.749 0.00914683 -0.0361503  0.00334658 0.000653423 0.004
0.75 0.00911031 -0.0368806  0.00331991 0.00068009 0.004
0.751 0.00907307 -0.037608  0.00329282 0.000707179 0.004
0.752 0.0090351 -0.0383323  0.00326532 0.000734682 0.004
0.753 0.0089964 -0.0390535  0.00323741 0.00076259 0.004
0.754 0.00895699 -0.0397717  0.00320911 0.000790894 0.004
0.755 0.00891686 -0.0404866  0.00318042 0.000819584 0.004
0.756 0.00887602 -0.0411984  0.00315135 0.000848653 0.004
0.757 0.00883446 -0.0419068  0.00312191 0.00087809 0.004
0.758 0.0087922 -0.0426119  0.00309211 0.000907885 0.004
0.759 0.00874924 -0.0433135  0.00306197 0.000938031 0.004
0.76 0.00870558 -0.0440117  0.00303148 0.000968516 0.004
0.761 0.00866122 -0.0447064  0.00300067 0.000999331 0.004
0.762 0.00861617 -0.0453975  0.00296953 0.00103047 0.004
0.763 0.00857043 -0.046085  0.00293809 0.00106191 0.004
0.764 0.008524 -0.0467687  0.00290634 0.00109366 0.004
0.765 0.00847689 -0.0474488  0.00287431 0.00112569 0.004
0.766 0.0084291 -0.048125  0.00284199 0.00115801 0.004
0.767 0.00838064 -0.0487974  0.00280941 0.00119059 0.004
0.768 0.00833151 -0.0494659  0.00277656 0.00122344 0.004
0.769 0.00828171 -0.0501305  0.00274347 0.00125653 0.004
0.77 0.00823125 -0.050791  0.00271014 0.00128986 0.004
0.771 0.00818013 -0.0514474  0.00267658 0.00132342 0.004
0.772 0.00812836 -0.0520998  0.00264281 0.00135719 0.004
0.773 0.00807593 -0.052748  0.00260883 0.00139117 0.004
0.774 0.00802286 -0.0533919  0.00257465 0.00142535 0.004
0.775 0.00796915 -0.0540316  0.00254029 0.00145971 0.004
0.776 0.0079148 -0.054667  0.00250576 0.00149424 0.004
0.777 0.00785982 -0.0552979  0.00247107 0.00152893 0.004
0.778 0.00780421 -0.0559245  0.00243622 0.00156378 0.004
0.779 0.00774797 -0.0565466  0.00240124 0.00159876 0.004
0.78 0.00769111 -0.0571642  0.00236613 0.00163387 0.004
0.781 0.00763364 -0.0577772  0.0023309 0.0016691 0.004
0.782 0.00757556 -0.0583855  0.00229556 0.00170444 0.004
0.783 0.00751687 -0.0589892  0.00226014 0.00173986 0.004
0.784 0.00745758 -0.0595882  0.00222462 0.00177538 0.004
0.785 0.0073977 -0.0601824  0.00218904 0.00181096 0.004
0.786 0.00733722 -0.0607718  0.00215339 0.00184661 0.004
0.787 0.00727616 -0.0613564  0.0021177 0.0018823 0.004
0.788 0.00721451 -0.061936  0.00208197 0.00191803 0.004
0.789 0.00715229 -0.0625107  0.00204621 0.00195379 0.004
0.79 0.00708949 -0.0630804  0.00201043 0.00198957 0.004
0.791 0.00702613 -0.063645  0.00197466 0.00202534 0.004
0.792 0.0069622 -0.0642045  0.00193889 0.00206111 0.004
0.793 0.00689772 -0.0647589  0.00190314 0.00209686 0.004
0.794 0.00683269 -0.0653081  0.00186742 0.00213258 0.004
0.795 0.0067671 -0.0658521  0.00183175 0.00216825 0.004
0.796 0.00670098 -0.0663909  0.00179613 0.00220387 0.004
0.797 0.00663432 -0.0669243  0.00176057 0.00223943 0.004
0.798 0.00656714 -0.0674523  0.00172509 0.00227491 0.004
0.799 0.00649942 -0.067975  0.0016897 0.0023103 0.004
0.8 0.00643119 -0.0684922  0.00165441 0.00234559 0.004
0.801 0.00636244 -0.069004  0.00161923 0.00238077 0.004
0.802 0.00629318 -0.0695102  0.00158417 0.00241583 0.004
0.803 0.00622342 -0.0700109  0.00154924 0.00245076 0.004
0.804 0.00615316 -0.0705059  0.00151446 0.00248554 0.004
0.805 0.00608241 -0.0709954  0.00147983 0.00252017 0.004
0.806 0.00601117 -0.0714791  0.00144537 0.00255463 0.004
0.807 0.00593945 -0.0719571  0.00141108 0.00258892 0.004
0.808 0.00586726 -0.0724294  0.00137699 0.00262301 0.004
0.809 0.0057946 -0.0728959  0.00134309 0.00265691 0.004
0.81 0.00572147 -0.0733565  0.00130941 0.00269059 0.004
0.811 0.00564789 -0.0738113  0.00127594 0.00272406 0.004
0.812 0.00557385 -0.0742602  0.00124271 0.00275729 0.004
0.813 0.00549937 -0.0747031  0.00120972 0.00279028 0.004
0.814 0.00542445 -0.0751401  0.00117698 0.00282302 0.004
0.815 0.00534909 -0.075571  0.00114451 0.00285549 0.004
0.816 0.00527331 -0.0759959  0.00111231 0.00288769 0.004
0.817 0.0051971 -0.0764147  0.00108039 0.00291961 0.004
0.818 0.00512048 -0.0768274  0.00104877 0.00295123 0.004
0.819 0.00504345 -0.077234  0.00101745 0.00298255 0.004
0.82 0.00496601 -0.0776344  0.000986451 0.00301355 0.004
0.821 0.00488818 -0.0780286  0.000955772 0.00304423 0.004
0.822 0.00480996 -0.0784165  0.000925428 0.00307457 0.004
0.823 0.00473135 -0.0787981  0.000895427 0.00310457 0.004
0.824 0.00465236 -0.0791735  0.000865779 0.00313422 0.004
0.825 0.004573 -0.0795425  0.000836495 0.00316351 0.004
0.826 0.00449328 -0.0799052  0.000807583 0.00319242 0.004
0.827 0.0044132 -0.0802614  0.000779052 0.00322095 0.004
0.828 0.00433276 -0.0806113  0.000750912 0.00324909 0.004
0.829 0.00425198 -0.0809547  0.000723172 0.00327683 0.004
0.83 0.00417085 -0.0812916  0.00069584 0.00330416 0.004
0.831 0.0040894 -0.081622  0.000668926 0.00333107 0.004
0.832 0.00400761 -0.0819459  0.000642438 0.00335756 0.004
0.833 0.00392551 -0.0822632  0.000616384 0.00338362 0.004
0.834 0.00384309 -0.0825739  0.000590773 0.00340923 0.004
0.835 0.00376036 -0.0828781  0.000565612 0.00343439 0.004
0.836 0.00367733 -0.0831756  0.000540911 0.00345909 0.004
0.837 0.00359401 -0.0834664  0.000516677 0.00348332 0.004
0.838 0.0035104 -0.0837506  0.000492917 0.00350708 0.004
0.839 0.00342651 -0.0840281  0.000469639 0.00353036 0.004
0.84 0.00334235 -0.0842989  0.000446852 0.00355315 0.004
0.841 0.00325792 -0.0845629  0.000424561 0.00357544 0.004
0.842 0.00317322 -0.0848201  0.000402774 0.00359723 0.004
0.843 0.00308828 -0.0850706  0.000381499 0.0036185 0.004
0.844 0.00300309 -0.0853142  0.000360741 0.00363926 0.004
0.845 0.00291765 -0.0855511  0.000340508 0.00365949 0.004
0.846 0.00283199 -0.0857811  0.000320806 0.00367919 0.004
0.847 0.00274609 -0.0860042  0.000301641 0.00369836 0.004
0.848 0.00265998 -0.0862204  0.00028302 0.00371698 0.004
0.849 0.00257365 -0.0864298  0.000264948 0.00373505 0.004
0.85 0.00248712 -0.0866322  0.000247431 0.00375257 0.004
0.851 0.00240039 -0.0868277  0.000230475 0.00376952 0.004
0.852 0.00231347 -0.0870163  0.000214086 0.00378591 0.004
0.853 0.00222636 -0.0871979  0.000198267 0.00380173 0.004
0.854 0.00213908 -0.0873725  0.000183026 0.00381697 0.004
0.855 0.00205162 -0.0875401  0.000168366 0.00383163 0.004
0.856 0.001964 -0.0877007  0.000154292 0.00384571 0.004
0.857 0.00187622 -0.0878543  0.000140808 0.00385919 0.004
0.858 0.00178829 -0.0880009  0.000127919 0.00387208 0.004
0.859 0.00170022 -0.0881405  0.00011563 0.00388437 0.004
0.86 0.00161201 -0.0882729  0.000103943 0.00389606 0.004
0.861 0.00152368 -0.0883984  9.28637e-005 0.00390714 0.004
0.862 0.00143522 -0.0885167  8.23941e-005 0.00391761 0.004
0.863 0.00134665 -0.088628  7.25382e-005 0.00392746 0.004
0.864 0.00125797 -0.0887322  6.32991e-005 0.0039367 0.004
0.865 0.00116918 -0.0888293  5.46796e-005 0.00394532 0.004
0.866 0.00108031 -0.0889193  4.66827e-005 0.00395332 0.004
0.867 0.000991348 -0.0890021  3.93108e-005 0.00396069 0.004
0.868 0.000902307 -0.0890779  3.25663e-005 0.00396743 0.004
0.869 0.000813194 -0.0891465  2.64514e-005 0.00397355 0.004
0.87 0.000724016 -0.089208  2.0968e-005 0.00397903 0.004
0.871 0.000634781 -0.0892623  1.61179e-005 0.00398388 0.004
0.872 0.000545494 -0.0893095  1.19026e-005 0.0039881 0.004
0.873 0.000456164 -0.0893496  8.32342e-006 0.00399168 0.004
0.874 0.000366797 -0.0893825  5.38161e-006 0.00399462 0.004
0.875 0.000277401 -0.0894083  3.07806e-006 0.00399692 0.004
0.876 0.000187983 -0.0894269  1.41351e-006 0.00399859 0.004
0.877 9.85499e-005 -0.0894384  3.88483e-007 0.00399961 0.004
0.878 9.10876e-006 -0.0894427  3.31878e-009 0.004 0.004
0.879 -8.03331e-005 -0.0894398  2.58136e-007 0.00399974 0.004
0.88 -0.000169769 -0.0894298  1.15285e-006 0.00399885 0.004
0.881 -0.00025919 -0.0894127  2.68719e-006 0.00399731 0.004
0.882 -0.000348591 -0.0893884  4.86064e-006 0.00399514 0.004
0.883 -0.000437965 -0.0893569  7.67252e-006 0.00399233 0.004
0.884 -0.000527303 -0.0893183  1.11219e-005 0.00398888 0.004
0.885 -0.000616599 -0.0892725  1.52078e-005 0.00398479 0.004
0.886 -0.000705846 -0.0892196  1.99287e-005 0.00398007 0.004
0.887 -0.000795036 -0.0891596  2.52833e-005 0.00397472 0.004
0.888 -0.000884162 -0.0890924  3.12697e-005 0.00396873 0.004
0.889 -0.000973218 -0.0890181  3.78862e-005 0.00396211 0.004
0.89 -0.0010622 -0.0889367  4.51304e-005 0.00395487 0.004
0.891 -0.00115109 -0.0888482  5.30003e-005 0.003947 0.004
0.892 -0.00123989 -0.0887525  6.14931e-005 0.00393851 0.004
0.893 -0.00132859 -0.0886498  7.06063e-005 0.00392939 0.004
0.894 -0.00141719 -0.08854  8.03368e-005 0.00391966 0.004
0.895 -0.00150567 -0.0884231  9.06816e-005 0.00390932 0.004
0.896 -0.00159403 -0.0882991  0.000101637 0.00389836 0.004
0.897 -0.00168227 -0.088168  0.000113201 0.0038868 0.004
0.898 -0.00177036 -0.0880299  0.000125368 0.00387463 0.004
0.899 -0.00185832 -0.0878848  0.000138135 0.00386187 0.004
0.9 -0.00194613 -0.0877326  0.000151497 0.0038485 0.004
0.901 -0.00203379 -0.0875734  0.000165451 0.00383455 0.004
0.902 -0.00212128 -0.0874072  0.000179993 0.00382001 0.004
0.903 -0.0022086 -0.087234  0.000195116 0.00380488 0.004
0.904 -0.00229574 -0.0870538  0.000210817 0.00378918 0.004
0.905 -0.0023827 -0.0868667  0.000227091 0.00377291 0.004
0.906 -0.00246947 -0.0866726  0.000243932 0.00375607 0.004
0.907 -0.00255605 -0.0864716  0.000261335 0.00373867 0.004
0.908 -0.00264241 -0.0862636  0.000279294 0.00372071 0.004
0.909 -0.00272857 -0.0860488  0.000297804 0.0037022 0.004
0.91 -0.00281451 -0.0858271  0.000316858 0.00368314 0.004
0.911 -0.00290022 -0.0855985  0.000336452 0.00366355 0.004
0.912 -0.0029857 -0.085363  0.000356577 0.00364342 0.004
0.913 -0.00307095 -0.0851208  0.000377228 0.00362277 0.004
0.914 -0.00315594 -0.0848717  0.000398399 0.0036016 0.004
0.915 -0.00324069 -0.0846158  0.000420082 0.00357992 0.004
0.916 -0.00332517 -0.0843532  0.000442271 0.00355773 0.004
0.917 -0.00340939 -0.0840838  0.000464958 0.00353504 0.004
0.918 -0.00349334 -0.0838077  0.000488136 0.00351186 0.004
0.919 -0.003577 -0.0835249  0.000511799 0.0034882 0.004
0.92 -0.00366039 -0.0832354  0.000535937 0.00346406 0.004
0.921 -0.00374347 -0.0829392  0.000560544 0.00343946 0.004
0.922 -0.00382626 -0.0826364  0.000585611 0.00341439 0.004
0.923 -0.00390874 -0.082327  0.000611131 0.00338887 0.004
0.924 -0.00399091 -0.082011  0.000637096 0.0033629 0.004
0.925 -0.00407276 -0.0816885  0.000663496 0.0033365 0.004
0.926 -0.00415429 -0.0813594  0.000690324 0.00330968 0.004
0.927 -0.00423548 -0.0810238  0.000717572 0.00328243 0.004
0.928 -0.00431633 -0.0806817  0.000745229 0.00325477 0.004
0.929 -0.00439684 -0.0803332  0.000773289 0.00322671 0.004
0.93 -0.004477 -0.0799782  0.00080174 0.00319826 0.004
0.931 -0.0045568 -0.0796169  0.000830576 0.00316942 0.004
0.932 -0.00463623 -0.0792492  0.000859785 0.00314022 0.004
0.933 -0.00471529 -0.0788751  0.000889359 0.00311064 0.004
0.934 -0.00479398 -0.0784947  0.000919289 0.00308071 0.004
0.935 -0.00487228 -0.0781081  0.000949564 0.00305044 0.004
0.936 -0.00495019 -0.0777152  0.000980176 0.00301982 0.004
0.937 -0.00502771 -0.0773161  0.00101111 0.00298889 0.004
0.938 -0.00510482 -0.0769108  0.00104237 0.00295763 0.004
0.939 -0.00518153 -0.0764993  0.00107393 0.00292607 0.004
0.94 -0.00525782 -0.0760817  0.00110579 0.00289421 0.004
0.941 -0.00533369 -0.0756581  0.00113793 0.00286207 0.004
0.942 -0.00540913 -0.0752283  0.00117035 0.00282965 0.004
0.943 -0.00548414 -0.0747926  0.00120303 0.00279697 0.004
0.944 -0.00555872 -0.0743509  0.00123597 0.00276403 0.004
0.945 -0.00563284 -0.0739032  0.00126916 0.00273084 0.004
0.946 -0.00570652 -0.0734496  0.00130257 0.00269743 0.004
0.947 -0.00577974 -0.0729902  0.00133622 0.00266378 0.004
0.948 -0.0058525 -0.0725249  0.00137007 0.00262993 0.004
0.949 -0.00592479 -0.0720538  0.00140412 0.00259588 0.004
0.95 -0.0059966 -0.0715769  0.00143837 0.00256163 0.004
0.951 -0.00606794 -0.0710944  0.0014728 0.0025272 0.004
0.952 -0.00613879 -0.0706061  0.00150739 0.00249261 0.004
0.953 -0.00620915 -0.0701122  0.00154214 0.00245786 0.004
0.954 -0.00627901 -0.0696126  0.00157704 0.00242296 0.004
0.955 -0.00634837 -0.0691075  0.00161207 0.00238793 0.004
0.956 -0.00641723 -0.0685969  0.00164723 0.00235277 0.004
0.957 -0.00648557 -0.0680808  0.0016825 0.0023175 0.004
0.958 -0.00655339 -0.0675592  0.00171787 0.00228213 0.004
0.959 -0.00662068 -0.0670323  0.00175334 0.00224666 0.004
0.96 -0.00668745 -0.0664999  0.00178888 0.00221112 0.004
0.961 -0.00675368 -0.0659623  0.00182449 0.00217551 0.004
0.962 -0.00681937 -0.0654194  0.00186015 0.00213985 0.004
0.963 -0.00688452 -0.0648712  0.00189586 0.00210414 0.004
0.964 -0.00694911 -0.0643179  0.00193161 0.00206839 0.004
0.965 -0.00701315 -0.0637594  0.00196737 0.00203263 0.004
0.966 -0.00707663 -0.0631958  0.00200315 0.00199685 0.004
0.967 -0.00713954 -0.0626271  0.00203892 0.00196108 0.004
0.968 -0.00720188 -0.0620535  0.00207468 0.00192532 0.004
0.969 -0.00726365 -0.0614748  0.00211042 0.00188958 0.004
0.97 -0.00732483 -0.0608913  0.00214613 0.00185387 0.004
0.971 -0.00738543 -0.0603029  0.00218178 0.00181822 0.004
0.972 -0.00744543 -0.0597096  0.00221738 0.00178262 0.004
0.973 -0.00750485 -0.0591116  0.00225291 0.00174709 0.004
0.974 -0.00756366 -0.0585089  0.00228836 0.00171164 0.004
0.975 -0.00762186 -0.0579015  0.00232371 0.00167629 0.004
0.976 -0.00767946 -0.0572894  0.00235896 0.00164104 0.004
0.977 -0.00773644 -0.0566728  0.0023941 0.0016059 0.004
0.978 -0.0077928 -0.0560516  0.00242911 0.00157089 0.004
0.979 -0.00784854 -0.0554259  0.00246398 0.00153602 0.004
0.98 -0.00790365 -0.0547958  0.00249871 0.00150129 0.004
0.981 -0.00795813 -0.0541614  0.00253327 0.00146673 0.004
0.982 -0.00801197 -0.0535225  0.00256767 0.00143233 0.004
0.983 -0.00806517 -0.0528795  0.00260188 0.00139812 0.004
0.984 -0.00811773 -0.0522321  0.0026359 0.0013641 0.004
0.985 -0.00816964 -0.0515806  0.00266972 0.00133028 0.004
0.986 -0.00822089 -0.050925  0.00270332 0.00129668 0.004
0.987 -0.00827149 -0.0502653  0.0027367 0.0012633 0.004
0.988 -0.00832142 -0.0496016  0.00276984 0.00123016 0.004
0.989 -0.00837069 -0.0489339  0.00280274 0.00119726 0.004
0.99 -0.00841929 -0.0482623  0.00283538 0.00116462 0.004
0.991 -0.00846721 -0.0475868  0.00286775 0.00113225 0.004
0.992 -0.00851446 -0.0469076  0.00289984 0.00110016 0.004
0.993 -0.00856103 -0.0462245  0.00293165 0.00106835 0.004
0.994 -0.00860691 -0.0455378  0.00296315 0.00103685 0.004
0.995 -0.0086521 -0.0448475  0.00299435 0.00100565 0.004
0.996 -0.0086966 -0.0441535  0.00302523 0.000974766 0.004
0.997 -0.00874041 -0.043456  0.00305579 0.000944213 0.004
0.998 -0.00878351 -0.0427551  0.003086 0.000913997 0.004
0.999 -0.00882591 -0.0420507  0.00311587 0.000884129 0.004
