0 0.01 0 0.00392093 0 0.00392093 0
0.001 0.00999961 -0.000776369 0.00392062 3.01375e-007 0.00392093 4.02452e-024
0.002 0.00999845 -0.00155271 0.00391972 1.20545e-006 0.00392093 4.33141e-022
0.003 0.00999651 -0.00232896 0.00391821 2.71203e-006 0.00392093 4.76935e-021
0.004 0.00999379 -0.00310507 0.00391611 4.82072e-006 0.00392093 2.54709e-020
0.005 0.0099903 -0.00388097 0.0039134 7.53096e-006 0.00392093 9.3188e-020
0.006 0.00998603 -0.00465661 0.00391009 1.0842e-005 0.00392093 2.69269e-019
0.007 0.00998098 -0.00543193 0.00390618 1.47529e-005 0.00392093 6.61539e-019
0.008 0.00997516 -0.00620686 0.00390167 1.92626e-005 0.00392093 1.44334e-018
0.009 0.00996857 -0.00698136 0.00389656 2.43697e-005 0.00392093 2.87579e-018
0.01 0.0099612 -0.00775536 0.00389086 3.00728e-005 0.00392093 5.33327e-018
0.011 0.00995306 -0.00852881 0.00388457 3.63703e-005 0.00392093 9.33202e-018
0.012 0.00994414 -0.00930164 0.00387768 4.32603e-005 0.00392093 1.5562e-017
0.013 0.00993446 -0.0100738 0.0038702 5.07408e-005 0.00392093 2.49215e-017
0.014 0.009924 -0.0108452 0.00386214 5.88096e-005 0.00392093 3.85556e-017
0.015 0.00991277 -0.0116159 0.00385349 6.74644e-005 0.00392093 5.78963e-017
0.016 0.00990077 -0.0123857 0.00384425 7.67025e-005 0.00392093 8.4707e-017
0.017 0.009888 -0.0131546 0.00383444 8.65214e-005 0.00392094 1.21129e-016
0.018 0.00987446 -0.0139225 0.00382405 9.69181e-005 0.00392094 1.69731e-016
0.019 0.00986015 -0.0146894 0.00381309 0.000107889 0.00392094 2.33562e-016
0.02 0.00984508 -0.0154552 0.00380155 0.000119432 0.00392094 3.16204e-016
0.021 0.00982924 -0.0162199 0.00378945 0.000131543 0.00392094 4.21833e-016
0.022 0.00981264 -0.0169834 0.00377679 0.000144219 0.00392095 5.55279e-016
0.023 0.00979527 -0.0177457 0.00376356 0.000157455 0.00392095 7.22083e-016
0.024 0.00977715 -0.0185066 0.00374978 0.000171248 0.00392095 9.28569e-016
0.025 0.00975826 -0.0192662 0.00373545 0.000185594 0.00392096 1.18191e-015
0.026 0.00973862 -0.0200244 0.00372057 0.000200488 0.00392096 1.49019e-015
0.027 0.00971821 -0.020781 0.00370515 0.000215926 0.00392096 1.86249e-015
0.028 0.00969706 -0.0215362 0.00368919 0.000231903 0.00392097 2.30894e-015
0.029 0.00967514 -0.0222897 0.00367269 0.000248415 0.00392097 2.84082e-015
0.03 0.00965248 -0.0230416 0.00365567 0.000265457 0.00392098 3.47063e-015
0.031 0.00962906 -0.0237917 0.00363812 0.000283024 0.00392098 4.21214e-015
0.032 0.00960489 -0.0245402 0.00362006 0.00030111 0.00392099 5.08051e-015
0.033 0.00957998 -0.0252867 0.00360148 0.000319709 0.00392099 6.09237e-015
0.034 0.00955432 -0.0260314 0.0035824 0.000338818 0.003921 7.26585e-015
0.035 0.00952792 -0.0267742 0.00356282 0.000358429 0.00392101 8.62075e-015
0.036 0.00950077 -0.027515 0.00354274 0.000378536 0.00392102 1.01785e-014
0.037 0.00947289 -0.0282537 0.00352217 0.000399135 0.00392102 1.19625e-014
0.038 0.00944427 -0.0289903 0.00350111 0.000420218 0.00392103 1.39979e-014
0.039 0.00941491 -0.0297247 0.00347959 0.00044178 0.00392104 1.63117e-014
0.04 0.00938482 -0.030457 0.00345759 0.000463813 0.00392105 1.89332e-014
0.041 0.009354 -0.0311869 0.00343512 0.000486311 0.00392106 2.18938e-014
0.042 0.00932245 -0.0319145 0.0034122 0.000509268 0.00392107 2.5227e-014
0.043 0.00929017 -0.0326398 0.00338884 0.000532677 0.00392108 2.89689e-014
0.044 0.00925717 -0.0333626 0.00336502 0.00055653 0.00392109 3.31576e-014
0.045 0.00922345 -0.0340829 0.00334078 0.000580821 0.0039211 3.78341e-014
0.046 0.009189 -0.0348006 0.0033161 0.000605541 0.00392111 4.30419e-014
0.047 0.00915385 -0.0355158 0.003291 0.000630684 0.00392112 4.8827e-014
0.048 0.00911797 -0.0362282 0.00326549 0.000656242 0.00392113 5.52385e-014
0.049 0.00908139 -0.036938 0.00323958 0.000682208 0.00392115 6.23281e-014
0.05 0.0090441 -0.037645 0.00321327 0.000708573 0.00392116 7.01506e-014
0.051 0.0090061 -0.0383492 0.00318657 0.000735329 0.00392118 7.87637e-014
0.052 0.0089674 -0.0390505 0.00315948 0.000762469 0.00392119 8.82284e-014
0.053 0.008928 -0.0397488 0.00313203 0.000789984 0.00392121 9.86089e-014
0.054 0.00888791 -0.0404442 0.00310421 0.000817866 0.00392122 1.09973e-013
0.055 0.00884712 -0.0411365 0.00307603 0.000846107 0.00392124 1.2239e-013
0.056 0.00880564 -0.0418258 0.0030475 0.000874697 0.00392125 1.35936e-013
0.057 0.00876347 -0.0425119 0.00301864 0.000903629 0.00392127 1.50688e-013
0.058 0.00872061 -0.0431947 0.00298944 0.000932893 0.00392129 1.66728e-013
0.059 0.00867708 -0.0438744 0.00295993 0.000962481 0.00392131 1.8414e-013
0.06 0.00863287 -0.0445507 0.0029301 0.000992384 0.00392133 2.03013e-013
0.061 0.00858798 -0.0452237 0.00289997 0.00102259 0.00392135 2.23441e-013
0.062 0.00854242 -0.0458933 0.00286954 0.0010531 0.00392137 2.4552e-013
0.063 0.00849619 -0.0465594 0.00283883 0.00108389 0.00392139 2.6935e-013
0.064 0.0084493 -0.047222 0.00280785 0.00111496 0.00392141 2.95036e-013
0.065 0.00840175 -0.047881 0.00277659 0.0011463 0.00392143 3.22686e-013
0.066 0.00835354 -0.0485364 0.00274508 0.00117789 0.00392146 3.52415e-013
0.067 0.00830468 -0.0491882 0.00271333 0.00120974 0.00392148 3.84338e-013
0.068 0.00825517 -0.0498362 0.00268134 0.00124182 0.0039215 4.18576e-013
0.069 0.00820501 -0.0504805 0.00264912 0.00127414 0.00392153 4.55257e-013
0.07 0.00815421 -0.0511209 0.00261668 0.00130668 0.00392156 4.94509e-013
0.071 0.00810277 -0.0517575 0.00258404 0.00133942 0.00392158 5.36466e-013
0.072 0.0080507 -0.0523902 0.00255119 0.00137237 0.00392161 5.81268e-013
0.073 0.00799799 -0.0530189 0.00251817 0.0014055 0.00392164 6.29058e-013
0.074 0.00794466 -0.0536436 0.00248496 0.00143882 0.00392166 6.79983e-013
0.075 0.00789071 -0.0542642 0.00245159 0.0014723 0.00392169 7.34196e-013
0.076 0.00783613 -0.0548807 0.00241806 0.00150594 0.00392172 7.91853e-013
0.077 0.00778095 -0.055493 0.00238438 0.00153974 0.00392175 8.53116e-013
0.078 0.00772515 -0.0561011 0.00235057 0.00157367 0.00392179 9.1815e-013
0.079 0.00766875 -0.056705 0.00231663 0.00160773 0.00392182 9.87127e-013
0.08 0.00761174 -0.0573045 0.00228258 0.0016419 0.00392185 1.06022e-012
0.081 0.00755414 -0.0578997 0.00224842 0.00167619 0.00392188 1.13761e-012
0.082 0.00749595 -0.0584905 0.00221417 0.00171057 0.00392192 1.21948e-012
0.083 0.00743716 -0.0590769 0.00217983 0.00174504 0.00392195 1.30602e-012
0.084 0.00737779 -0.0596587 0.00214542 0.00177958 0.00392199 1.39742e-012
0.085 0.00731785 -0.060236 0.00211095 0.00181419 0.00392203 1.49388e-012
0.086 0.00725732 -0.0608087 0.00207643 0.00184885 0.00392206 1.59561e-012
0.087 0.00719623 -0.0613768 0.00204187 0.00188356 0.0039221 1.7028e-012
0.088 0.00713457 -0.0619402 0.00200727 0.0019183 0.00392214 1.81568e-012
0.089 0.00707235 -0.0624989 0.00197266 0.00195306 0.00392218 1.93445e-012
0.09 0.00700958 -0.0630528 0.00193804 0.00198783 0.00392222 2.05933e-012
0.091 0.00694625 -0.0636019 0.00190342 0.0020226 0.00392226 2.19056e-012
0.092 0.00688238 -0.0641462 0.00186881 0.00205737 0.0039223 2.32836e-012
0.093 0.00681796 -0.0646855 0.00183423 0.00209211 0.00392235 2.47295e-012
0.094 0.00675301 -0.0652199 0.00179968 0.00212682 0.00392239 2.62459e-012
0.095 0.00668752 -0.0657493 0.00176518 0.00216149 0.00392244 2.7835e-012
0.096 0.00662151 -0.0662737 0.00173073 0.0021961 0.00392248 2.94994e-012
0.097 0.00655498 -0.066793 0.00169635 0.00223065 0.00392253 3.12415e-012
0.098 0.00648793 -0.0673072 0.00166204 0.00226513 0.00392257 3.30639e-012
0.099 0.00642037 -0.0678162 0.00162783 0.00229952 0.00392262 3.49691e-012
0.1 0.0063523 -0.0683201 0.00159371 0.00233382 0.00392267 3.69597e-012
0.101 0.00628373 -0.0688187 0.00155971 0.002368 0.00392272 3.90384e-012
0.102 0.00621466 -0.069312 0.00152582 0.00240208 0.00392277 4.12078e-012
0.103 0.00614511 -0.0698 0.00149206 0.00243602 0.00392282 4.34706e-012
0.104 0.00607507 -0.0702826 0.00145845 0.00246982 0.00392287 4.58296e-012
0.105 0.00600454 -0.0707598 0.00142498 0.00250348 0.00392293 4.82875e-012
0.106 0.00593355 -0.0712316 0.00139168 0.00253697 0.00392298 5.08471e-012
0.107 0.00586208 -0.0716979 0.00135856 0.0025703 0.00392303 5.35113e-012
0.108 0.00579016 -0.0721587 0.00132561 0.00260344 0.00392309 5.62829e-012
0.109 0.00571777 -0.072614 0.00129286 0.00263639 0.00392315 5.91647e-012
0.11 0.00564493 -0.0730636 0.00126031 0.00266915 0.0039232 6.21597e-012
0.111 0.00557164 -0.0735076 0.00122798 0.00270169 0.00392326 6.52708e-012
0.112 0.00549792 -0.073946 0.00119587 0.002734 0.00392332 6.8501e-012
0.113 0.00542376 -0.0743786 0.001164 0.00276609 0.00392338 7.18531e-012
0.114 0.00534916 -0.0748055 0.00113237 0.00279793 0.00392344 7.53303e-012
0.115 0.00527415 -0.0752266 0.001101 0.00282952 0.0039235 7.89354e-012
0.116 0.00519871 -0.0756419 0.00106989 0.00286085 0.00392356 8.26714e-012
0.117 0.00512287 -0.0760514 0.00103906 0.00289191 0.00392362 8.65416e-012
0.118 0.00504661 -0.076455 0.00100851 0.00292268 0.00392369 9.05487e-012
0.119 0.00496996 -0.0768527 0.000978256 0.00295317 0.00392375 9.46959e-012
0.12 0.00489291 -0.0772444 0.000948305 0.00298335 0.00392382 9.89863e-012
0.121 0.00481547 -0.0776301 0.000918668 0.00301322 0.00392388 1.03423e-011
0.122 0.00473765 -0.0780098 0.000889354 0.00304277 0.00392395 1.08009e-011
0.123 0.00465946 -0.0783835 0.000860373 0.00307199 0.00392402 1.12747e-011
0.124 0.00458089 -0.0787511 0.000831733 0.00310087 0.00392409 1.1764e-011
0.125 0.00450196 -0.0791125 0.000803444 0.0031294 0.00392416 1.22692e-011
0.126 0.00442267 -0.0794679 0.000775515 0.00315757 0.00392423 1.27906e-011
0.127 0.00434303 -0.079817 0.000747955 0.00318538 0.0039243 1.33283e-011
0.128 0.00426304 -0.08016 0.000720772 0.00321281 0.00392437 1.38829e-011
0.129 0.00418271 -0.0804967 0.000693976 0.00323986 0.00392444 1.44545e-011
0.13 0.00410205 -0.0808271 0.000667576 0.00326651 0.00392452 1.50434e-011
0.131 0.00402106 -0.0811513 0.000641579 0.00329276 0.00392459 1.56501e-011
0.132 0.00393975 -0.0814691 0.000615995 0.00331861 0.00392467 1.62746e-011
0.133 0.00385812 -0.0817806 0.000590831 0.00334403 0.00392474 1.69174e-011
0.134 0.00377619 -0.0820857 0.000566095 0.00336903 0.00392482 1.75788e-011
0.135 0.00369395 -0.0823844 0.000541797 0.00339359 0.0039249 1.8259e-011
0.136 0.00361142 -0.0826766 0.000517943 0.00341771 0.00392497 1.89583e-011
0.137 0.0035286 -0.0829624 0.000494542 0.00344138 0.00392505 1.9677e-011
0.138 0.0034455 -0.0832417 0.0004716 0.00346459 0.00392513 2.04154e-011
0.139 0.00336212 -0.0835145 0.000449127 0.00348734 0.00392522 2.11738e-011
0.14 0.00327848 -0.0837808 0.000427128 0.00350961 0.0039253 2.19524e-011
0.141 0.00319457 -0.0840405 0.000405612 0.00353141 0.00392538 2.27515e-011
0.142 0.0031104 -0.0842937 0.000384585 0.00355271 0.00392546 2.35714e-011
0.143 0.00302598 -0.0845402 0.000364054 0.00357352 0.00392555 2.44124e-011
0.144 0.00294132 -0.0847801 0.000344026 0.00359383 0.00392563 2.52746e-011
0.145 0.00285643 -0.0850133 0.000324508 0.00361363 0.00392572 2.61584e-011
0.146 0.0027713 -0.0852399 0.000305507 0.00363292 0.0039258 2.7064e-011
0.147 0.00268595 -0.0854597 0.000287028 0.00365168 0.00392589 2.79916e-011
0.148 0.00260038 -0.0856729 0.000269077 0.00366992 0.00392598 2.89415e-011
0.149 0.00251461 -0.0858793 0.000251662 0.00368763 0.00392607 2.99139e-011
0.15 0.00242863 -0.086079 0.000234786 0.00370479 0.00392616 3.0909e-011
0.151 0.00234245 -0.0862718 0.000218458 0.00372142 0.00392625 3.19271e-011
0.152 0.00225609 -0.0864579 0.000202681 0.00373749 0.00392634 3.29684e-011
0.153 0.00216954 -0.0866372 0.000187461 0.003753 0.00392643 3.4033e-011
0.154 0.00208282 -0.0868096 0.000172804 0.00376796 0.00392652 3.51212e-011
0.155 0.00199592 -0.0869752 0.000158714 0.00378234 0.00392662 3.62332e-011
0.156 0.00190887 -0.0871339 0.000145196 0.00379616 0.00392671 3.73691e-011
0.157 0.00182166 -0.0872858 0.000132255 0.0038094 0.0039268 3.85291e-011
0.158 0.0017343 -0.0874307 0.000119896 0.00382207 0.0039269 3.97134e-011
0.159 0.0016468 -0.0875687 0.000108122 0.00383414 0.003927 4.09222e-011
0.16 0.00155917 -0.0876998 9.69374e-005 0.00384563 0.00392709 4.21556e-011
0.161 0.0014714 -0.087824 8.63469e-005 0.00385653 0.00392719 4.34137e-011
0.162 0.00138352 -0.0879412 7.63538e-005 0.00386683 0.00392729 4.46967e-011
0.163 0.00129553 -0.0880514 6.69618e-005 0.00387653 0.00392739 4.60047e-011
0.164 0.00120742 -0.0881546 5.81742e-005 0.00388562 0.00392749 4.73379e-011
0.165 0.00111922 -0.0882509 4.99941e-005 0.00389411 0.00392759 4.86963e-011
0.166 0.00103092 -0.0883401 4.24247e-005 0.00390199 0.00392769 5.00801e-011
0.167 0.000942543 -0.0884223 3.54686e-005 0.00390926 0.00392779 5.14893e-011
0.168 0.000854084 -0.0884975 2.91286e-005 0.00391591 0.00392789 5.2924e-011
0.169 0.000765552 -0.0885657 2.34069e-005 0.00392194 0.00392799 5.43843e-011
0.17 0.000676956 -0.0886268 1.8306e-005 0.00392735 0.0039281 5.58703e-011
0.171 0.000588302 -0.0886808 1.38277e-005 0.00393215 0.0039282 5.7382e-011
0.172 0.000499598 -0.0887278 9.97394e-006 0.00393631 0.00392831 5.89194e-011
0.173 0.00041085 -0.0887677 6.74636e-006 0.00393986 0.00392841 6.04826e-011
0.174 0.000322066 -0.0888006 4.14638e-006 0.00394277 0.00392852 6.20716e-011
0.175 0.000233252 -0.0888263 2.17525e-006 0.00394506 0.00392862 6.36864e-011
0.176 0.000144417 -0.0888449 8.34005e-007 0.00394671 0.00392873 6.5327e-011
0.177 5.55658e-005 -0.0888565 1.23489e-007 0.00394774 0.00392884 6.69934e-011
0.178 -3.32929e-005 -0.0888609 4.43396e-008 0.00394813 0.00392894 6.86856e-011
0.179 -0.000122152 -0.0888583 5.96995e-007 0.0039479 0.00392905 7.04036e-011
0.18 -0.000211006 -0.0888485 1.78169e-006 0.00394703 0.00392916 7.21472e-011
0.181 -0.000299846 -0.0888316 3.59846e-006 0.00394553 0.00392927 7.39165e-011
0.182 -0.000388666 -0.0888076 6.04713e-006 0.00394339 0.00392938 7.57114e-011
0.183 -0.000477458 -0.0887765 9.12734e-006 0.00394063 0.00392949 7.75318e-011
0.184 -0.000566215 -0.0887382 1.28385e-005 0.00393724 0.0039296 7.93777e-011
0.185 -0.00065493 -0.0886928 1.71798e-005 0.00393321 0.00392972 8.12488e-011
0.186 -0.000743597 -0.0886403 2.21504e-005 0.00392856 0.00392983 8.31452e-011
0.187 -0.000832208 -0.0885807 2.77489e-005 0.00392327 0.00392994 8.50666e-011
0.188 -0.000920755 -0.088514 3.39741e-005 0.00391736 0.00393005 8.7013e-011
0.189 -0.00100923 -0.0884401 4.08243e-005 0.00391083 0.00393017 8.89842e-011
0.19 -0.00109763 -0.0883591 4.82977e-005 0.00390367 0.00393028 9.098e-011
0.191 -0.00118595 -0.088271 5.63924e-005 0.00389589 0.0039304 9.30004e-011
0.192 -0.00127417 -0.0881758 6.51061e-005 0.00388749 0.00393051 9.5045e-011
0.193 -0.00136229 -0.0880735 7.44365e-005 0.00387847 0.00393063 9.71138e-011
0.194 -0.00145031 -0.0879641 8.43808e-005 0.00386884 0.00393074 9.92065e-011
0.195 -0.00153822 -0.0878475 9.49364e-005 0.00385859 0.00393086 1.01323e-010
0.196 -0.00162601 -0.0877239 0.0001061 0.00384774 0.00393098 1.03463e-010
0.197 -0.00171366 -0.0875932 0.000117869 0.00383628 0.00393109 1.05626e-010
0.198 -0.00180119 -0.0874554 0.00013024 0.00382422 0.00393121 1.07812e-010
0.199 -0.00188857 -0.0873105 0.000143208 0.00381156 0.00393133 1.10021e-010
0.2 -0.00197581 -0.0871586 0.000156771 0.00379831 0.00393145 1.12252e-010
0.201 -0.00206288 -0.0869996 0.000170924 0.00378446 0.00393157 1.14505e-010
0.202 -0.0021498 -0.0868335 0.000185663 0.00377003 0.00393168 1.16781e-010
0.203 -0.00223655 -0.0866604 0.000200983 0.00375501 0.0039318 1.19078e-010
0.204 -0.00232312 -0.0864803 0.000216881 0.00373942 0.00393192 1.21396e-010
0.205 -0.00240951 -0.0862931 0.000233351 0.00372325 0.00393204 1.23735e-010
0.206 -0.0024957 -0.086099 0.000250388 0.00370652 0.00393216 1.26095e-010
0.207 -0.0025817 -0.0858978 0.000267988 0.00368922 0.00393228 1.28475e-010
0.208 -0.00266749 -0.0856897 0.000286144 0.00367136 0.0039324 1.30875e-010
0.209 -0.00275308 -0.0854746 0.000304852 0.00365295 0.00393252 1.33294e-010
0.21 -0.00283844 -0.0852525 0.000324105 0.00363399 0.00393265 1.35733e-010
0.211 -0.00292358 -0.0850235 0.000343898 0.0036145 0.00393277 1.3819e-010
0.212 -0.00300848 -0.0847875 0.000364225 0.00359446 0.00393289 1.40666e-010
0.213 -0.00309315 -0.0845447 0.000385079 0.0035739 0.00393301 1.4316e-010
0.214 -0.00317757 -0.0842949 0.000406454 0.00355282 0.00393313 1.45672e-010
0.215 -0.00326173 -0.0840383 0.000428343 0.00353122 0.00393326 1.482e-010
0.216 -0.00334564 -0.0837748 0.00045074 0.00350911 0.00393338 1.50746e-010
0.217 -0.00342928 -0.0835044 0.000473638 0.00348649 0.0039335 1.53308e-010
0.218 -0.00351265 -0.0832272 0.000497029 0.00346339 0.00393362 1.55885e-010
0.219 -0.00359573 -0.0829432 0.000520906 0.00343979 0.00393375 1.58478e-010
0.22 -0.00367853 -0.0826525 0.000545263 0.00341571 0.00393387 1.61086e-010
0.221 -0.00376103 -0.0823549 0.00057009 0.00339117 0.00393399 1.63709e-010
0.222 -0.00384324 -0.0820506 0.00059538 0.00336615 0.00393412 1.66345e-010
0.223 -0.00392513 -0.0817396 0.000621126 0.00334068 0.00393424 1.68995e-010
0.224 -0.00400671 -0.0814219 0.00064732 0.00331476 0.00393436 1.71658e-010
0.225 -0.00408797 -0.0810974 0.000673952 0.0032884 0.00393449 1.74333e-010
0.226 -0.0041689 -0.0807664 0.000701015 0.0032616 0.00393461 1.77021e-010
0.227 -0.0042495 -0.0804287 0.0007285 0.00323438 0.00393474 1.7972e-010
0.228 -0.00432976 -0.0800843 0.000756399 0.00320675 0.00393486 1.8243e-010
0.229 -0.00440967 -0.0797334 0.000784702 0.00317871 0.00393498 1.8515e-010
0.23 -0.00448922 -0.079376 0.0008134 0.00315027 0.00393511 1.8788e-010
0.231 -0.00456842 -0.0790119 0.000842485 0.00312144 0.00393523 1.9062e-010
0.232 -0.00464724 -0.0786414 0.000871947 0.00309224 0.00393536 1.93369e-010
0.233 -0.00472569 -0.0782644 0.000901777 0.00306266 0.00393548 1.96126e-010
0.234 -0.00480377 -0.077881 0.000931965 0.00303272 0.00393561 1.98891e-010
0.235 -0.00488145 -0.0774911 0.000962502 0.00300243 0.00393573 2.01663e-010
0.236 -0.00495875 -0.0770948 0.000993378 0.00297181 0.00393585 2.04441e-010
0.237 -0.00503564 -0.0766922 0.00102458 0.00294084 0.00393598 2.07226e-010
0.238 -0.00511213 -0.0762832 0.00105611 0.00290956 0.0039361 2.10017e-010
0.239 -0.0051882 -0.0758679 0.00108794 0.00287797 0.00393623 2.12812e-010
0.24 -0.00526386 -0.0754463 0.00112007 0.00284607 0.00393635 2.15612e-010
0.241 -0.00533909 -0.0750185 0.00115249 0.00281389 0.00393647 2.18416e-010
0.242 -0.00541389 -0.0745845 0.00118519 0.00278142 0.0039366 2.21223e-010
0.243 -0.00548826 -0.0741443 0.00121815 0.00274869 0.00393672 2.24033e-010
0.244 -0.00556218 -0.0736979 0.00125137 0.00271569 0.00393685 2.26845e-010
0.245 -0.00563565 -0.0732455 0.00128484 0.00268245 0.00393697 2.29659e-010
0.246 -0.00570867 -0.0727869 0.00131854 0.00264897 0.00393709 2.32474e-010
0.247 -0.00578122 -0.0723223 0.00135246 0.00261526 0.00393722 2.35289e-010
0.248 -0.00585331 -0.0718517 0.0013866 0.00258134 0.00393734 2.38104e-010
0.249 -0.00592492 -0.0713752 0.00142094 0.00254721 0.00393746 2.40919e-010
0.25 -0.00599606 -0.0708927 0.00145548 0.00251289 0.00393759 2.43732e-010
0.251 -0.00606671 -0.0704043 0.00149019 0.00247838 0.00393771 2.46544e-010
0.252 -0.00613686 -0.06991 0.00152507 0.00244371 0.00393783 2.49353e-010
0.253 -0.00620652 -0.06941 0.0015601 0.00240887 0.00393796 2.52159e-010
0.254 -0.00627568 -0.0689041 0.00159528 0.00237389 0.00393808 2.54962e-010
0.255 -0.00634433 -0.0683925 0.0016306 0.00233877 0.0039382 2.57761e-010
0.256 -0.00641246 -0.0678752 0.00166604 0.00230352 0.00393832 2.60555e-010
0.257 -0.00648008 -0.0673522 0.00170159 0.00226816 0.00393844 2.63344e-010
0.258 -0.00654716 -0.0668237 0.00173724 0.0022327 0.00393857 2.66128e-010
0.259 -0.00661372 -0.0662895 0.00177297 0.00219715 0.00393869 2.68905e-010
0.26 -0.00667974 -0.0657498 0.00180879 0.00216152 0.00393881 2.71675e-010
0.261 -0.00674522 -0.0652046 0.00184466 0.00212582 0.00393893 2.74439e-010
0.262 -0.00681015 -0.0646539 0.00188059 0.00209007 0.00393905 2.77194e-010
0.263 -0.00687452 -0.0640979 0.00191656 0.00205427 0.00393917 2.79941e-010
0.264 -0.00693834 -0.0635364 0.00195256 0.00201844 0.00393929 2.82679e-010
0.265 -0.00700159 -0.0629697 0.00198858 0.00198259 0.00393941 2.85408e-010
0.266 -0.00706428 -0.0623977 0.0020246 0.00194673 0.00393953 2.88127e-010
0.267 -0.00712638 -0.0618204 0.00206061 0.00191088 0.00393965 2.90835e-010
0.268 -0.00718791 -0.061238 0.0020966 0.00187505 0.00393977 2.93533e-010
0.269 -0.00724886 -0.0606504 0.00213257 0.00183924 0.00393989 2.96219e-010
0.27 -0.00730921 -0.0600578 0.00216849 0.00180347 0.00394 2.98894e-010
0.271 -0.00736897 -0.05946 0.00220436 0.00176775 0.00394012 3.01556e-010
0.272 -0.00742813 -0.0588573 0.00224016 0.00173209 0.00394024 3.04205e-010
0.273 -0.00748668 -0.0582497 0.00227588 0.00169651 0.00394036 3.06841e-010
0.274 -0.00754463 -0.0576372 0.00231152 0.00166102 0.00394047 3.09464e-010
0.275 -0.00760196 -0.0570198 0.00234705 0.00162563 0.00394059 3.12072e-010
0.276 -0.00765866 -0.0563976 0.00238247 0.00159034 0.00394071 3.14665e-010
0.277 -0.00771475 -0.0557706 0.00241776 0.00155518 0.00394082 3.17244e-010
0.278 -0.0077702 -0.055139 0.00245292 0.00152015 0.00394094 3.19807e-010
0.279 -0.00782502 -0.0545027 0.00248792 0.00148527 0.00394105 3.22354e-010
0.28 -0.00787921 -0.0538618 0.00252277 0.00145055 0.00394117 3.24886e-010
0.281 -0.00793275 -0.0532164 0.00255745 0.00141599 0.00394128 3.274e-010
0.282 -0.00798564 -0.0525665 0.00259194 0.00138162 0.0039414 3.29897e-010
0.283 -0.00803788 -0.0519122 0.00262623 0.00134744 0.00394151 3.32377e-010
0.284 -0.00808946 -0.0512534 0.00266033 0.00131346 0.00394162 3.3484e-010
0.285 -0.00814038 -0.0505904 0.0026942 0.00127969 0.00394174 3.37284e-010
0.286 -0.00819064 -0.049923 0.00272784 0.00124615 0.00394185 3.39709e-010
0.287 -0.00824022 -0.0492515 0.00276125 0.00121285 0.00394196 3.42116e-010
0.288 -0.00828914 -0.0485757 0.0027944 0.0011798 0.00394207 3.44504e-010
0.289 -0.00833737 -0.0478959 0.00282729 0.00114701 0.00394218 3.46873e-010
0.29 -0.00838493 -0.047212 0.00285991 0.00111449 0.0039423 3.49221e-010
0.291 -0.0084318 -0.0465241 0.00289224 0.00108225 0.00394241 3.5155e-010
0.292 -0.00847797 -0.0458323 0.00292428 0.0010503 0.00394252 3.53858e-010
0.293 -0.00852346 -0.0451366 0.00295601 0.00101866 0.00394262 3.56146e-010
0.294 -0.00856825 -0.044437 0.00298742 0.000987325 0.00394273 3.58413e-010
0.295 -0.00861233 -0.0437337 0.00301851 0.000956319 0.00394284 3.60659e-010
0.296 -0.00865571 -0.0430267 0.00304926 0.000925648 0.00394295 3.62884e-010
0.297 -0.00869838 -0.042316 0.00307966 0.000895322 0.00394306 3.65087e-010
0.298 -0.00874034 -0.0416017 0.00310971 0.000865352 0.00394316 3.67268e-010
0.299 -0.00878158 -0.0408839 0.00313938 0.000835747 0.00394327 3.69427e-010
0.3 -0.00882211 -0.0401626 0.00316868 0.000806518 0.00394338 3.71564e-010
0.301 -0.00886191 -0.0394379 0.00319759 0.000777674 0.00394348 3.73679e-010
0.302 -0.00890098 -0.0387098 0.00322611 0.000749226 0.00394359 3.75772e-010
0.303 -0.00893933 -0.0379785 0.00325421 0.000721183 0.00394369 3.77841e-010
0.304 -0.00897694 -0.0372439 0.0032819 0.000693554 0.0039438 3.79888e-010
0.305 -0.00901381 -0.0365061 0.00330916 0.000666349 0.0039439 3.81912e-010
0.306 -0.00904995 -0.0357652 0.00333599 0.000639576 0.003944 3.83913e-010
0.307 -0.00908534 -0.0350213 0.00336237 0.000613246 0.00394411 3.85891e-010
0.308 -0.00911999 -0.0342744 0.0033883 0.000587367 0.00394421 3.87846e-010
0.309 -0.00915389 -0.0335245 0.00341377 0.000561948 0.00394431 3.89777e-010
0.31 -0.00918704 -0.0327718 0.00343877 0.000536997 0.00394441 3.91684e-010
0.311 -0.00921943 -0.0320163 0.00346329 0.000512523 0.00394451 3.93568e-010
0.312 -0.00925107 -0.0312581 0.00348732 0.000488534 0.00394461 3.95429e-010
0.313 -0.00928195 -0.0304972 0.00351085 0.000465038 0.00394471 3.97266e-010
0.314 -0.00931206 -0.0297336 0.00353389 0.000442044 0.00394481 3.99079e-010
0.315 -0.00934141 -0.0289675 0.00355641 0.000419559 0.00394491 4.00868e-010
0.316 -0.00936999 -0.028199 0.00357841 0.000397591 0.00394501 4.02634e-010
0.317 -0.00939781 -0.027428 0.00359989 0.000376147 0.0039451 4.04376e-010
0.318 -0.00942485 -0.0266547 0.00362083 0.000355235 0.0039452 4.06094e-010
0.319 -0.00945112 -0.025879 0.00364123 0.000334862 0.0039453 4.07789e-010
0.32 -0.00947661 -0.0251012 0.00366109 0.000315035 0.00394539 4.0946e-010
0.321 -0.00950132 -0.0243212 0.00368039 0.00029576 0.00394549 4.11107e-010
0.322 -0.00952525 -0.0235391 0.00369913 0.000277044 0.00394558 4.1273e-010
0.323 -0.00954839 -0.022755 0.0037173 0.000258894 0.00394568 4.1433e-010
0.324 -0.00957076 -0.0219689 0.0037349 0.000241316 0.00394577 4.15907e-010
0.325 -0.00959233 -0.0211809 0.00375192 0.000224316 0.00394587 4.1746e-010
0.326 -0.00961312 -0.0203911 0.00376835 0.000207899 0.00394596 4.1899e-010
0.327 -0.00963311 -0.0195996 0.0037842 0.000192071 0.00394605 4.20496e-010
0.328 -0.00965232 -0.0188063 0.00379945 0.000176838 0.00394614 4.2198e-010
0.329 -0.00967072 -0.0180114 0.00381409 0.000162205 0.00394624 4.2344e-010
0.33 -0.00968834 -0.017215 0.00382814 0.000148177 0.00394633 4.24878e-010
0.331 -0.00970515 -0.016417 0.00384157 0.000134759 0.00394642 4.26292e-010
0.332 -0.00972117 -0.0156177 0.00385438 0.000121956 0.00394651 4.27684e-010
0.333 -0.00973639 -0.0148169 0.00386657 0.000109771 0.0039466 4.29053e-010
0.334 -0.0097508 -0.0140149 0.00387815 9.82092e-005 0.00394668 4.30401e-010
0.335 -0.00976442 -0.0132117 0.00388909 8.72745e-005 0.00394677 4.31725e-010
0.336 -0.00977723 -0.0124073 0.0038994 7.69707e-005 0.00394686 4.33028e-010
0.337 -0.00978923 -0.0116018 0.00390907 6.73013e-005 0.00394695 4.34309e-010
0.338 -0.00980043 -0.0107953 0.00391811 5.82698e-005 0.00394703 4.35568e-010
0.339 -0.00981082 -0.00998791 0.00392651 4.98791e-005 0.00394712 4.36806e-010
0.34 -0.00982041 -0.00917958 0.00393426 4.21324e-005 0.00394721 4.38022e-010
0.341 -0.00982918 -0.00837045 0.00394136 3.50322e-005 0.00394729 4.39218e-010
0.342 -0.00983715 -0.00756057 0.00394781 2.85811e-005 0.00394738 4.40392e-010
0.343 -0.0098443 -0.00675001 0.00395362 2.27813e-005 0.00394746 4.41546e-010
0.344 -0.00985065 -0.00593885 0.00395876 1.7635e-005 0.00394755 4.42679e-010
0.345 -0.00985618 -0.00512715 0.00396326 1.31438e-005 0.00394763 4.43792e-010
0.346 -0.0098609 -0.00431498 0.00396709 9.30953e-006 0.00394771 4.44886e-010
0.347 -0.00986481 -0.00350241 0.00397027 6.13344e-006 0.00394779 4.45959e-010
0.348 -0.0098679 -0.00268951 0.00397279 3.61672e-006 0.00394788 4.47013e-010
0.349 -0.00987019 -0.00187634 0.00397464 1.76033e-006 0.00394796 4.48047e-010
0.35 -0.00987166 -0.00106298 0.00397584 5.64966e-007 0.00394804 4.49063e-010
0.351 -0.00987231 -0.0002495 0.00397637 3.1125e-008 0.00394812 4.5006e-010
0.352 -0.00987216 0.00056404 0.00397624 1.5907e-007 0.0039482 4.51038e-010
0.353 -0.00987119 0.00137757 0.00397545 9.48843e-007 0.00394828 4.51998e-010
0.354 -0.0098694 0.00219101 0.003974 2.40026e-006 0.00394836 4.52941e-010
0.355 -0.0098668 0.0030043 0.00397189 4.51291e-006 0.00394844 4.53865e-010
0.356 -0.00986339 0.00381737 0.00396912 7.28617e-006 0.00394852 4.54773e-010
0.357 -0.00985917 0.00463015 0.00396569 1.07192e-005 0.00394859 4.55663e-010
0.358 -0.00985413 0.00544258 0.00396159 1.48108e-005 0.00394867 4.56536e-010
0.359 -0.00984828 0.00625457 0.00395685 1.95599e-005 0.00394875 4.57393e-010
0.36 -0.00984162 0.00706608 0.00395144 2.49647e-005 0.00394882 4.58234e-010
0.361 -0.00983415 0.00787701 0.00394539 3.10236e-005 0.0039489 4.59059e-010
0.362 -0.00982587 0.00868731 0.00393868 3.77347e-005 0.00394898 4.59868e-010
0.363 -0.00981678 0.00949691 0.00393132 4.50957e-005 0.00394905 4.60662e-010
0.364 -0.00980688 0.0103057 0.00392332 5.31041e-005 0.00394913 4.61441e-010
0.365 -0.00979617 0.0111137 0.00391467 6.17575e-005 0.0039492 4.62206e-010
0.366 -0.00978465 0.0119208 0.00390538 7.10528e-005 0.00394928 4.62956e-010
0.367 -0.00977233 0.0127269 0.00389545 8.09871e-005 0.00394935 4.63692e-010
0.368 -0.0097592 0.013532 0.00388489 9.15571e-005 0.00394942 4.64414e-010
0.369 -0.00974526 0.0143359 0.00387369 0.000102759 0.0039495 4.65123e-010
0.37 -0.00973052 0.0151387 0.00386187 0.00011459 0.00394957 4.65819e-010
0.371 -0.00971499 0.0159402 0.00384943 0.000127045 0.00394964 4.66502e-010
0.372 -0.00969865 0.0167404 0.00383636 0.00014012 0.00394971 4.67173e-010
0.373 -0.00968151 0.0175392 0.00382269 0.000153812 0.00394978 4.67832e-010
0.374 -0.00966357 0.0183366 0.0038084 0.000168115 0.00394986 4.68479e-010
0.375 -0.00964483 0.0191324 0.0037935 0.000183024 0.00394993 4.69115e-010
0.376 -0.0096253 0.0199266 0.00377801 0.000198536 0.00395 4.6974e-010
0.377 -0.00960498 0.0207192 0.00376192 0.000214643 0.00395007 4.70354e-010
0.378 -0.00958387 0.0215101 0.00374524 0.000231342 0.00395014 4.70957e-010
0.379 -0.00956196 0.0222992 0.00372797 0.000248627 0.00395021 4.71551e-010
0.38 -0.00953927 0.0230864 0.00371013 0.000266492 0.00395028 4.72135e-010
0.381 -0.00951579 0.0238717 0.00369171 0.00028493 0.00395035 4.72709e-010
0.382 -0.00949153 0.0246551 0.00367273 0.000303936 0.00395041 4.73275e-010
0.383 -0.00946648 0.0254363 0.00365319 0.000323503 0.00395048 4.73832e-010
0.384 -0.00944065 0.0262155 0.0036331 0.000343625 0.00395055 4.7438e-010
0.385 -0.00941405 0.0269924 0.00361246 0.000364296 0.00395062 4.74921e-010
0.386 -0.00938667 0.0277671 0.00359128 0.000385507 0.00395069 4.75454e-010
0.387 -0.00935852 0.0285395 0.00356957 0.000407252 0.00395075 4.7598e-010
0.388 -0.00932959 0.0293095 0.00354733 0.000429525 0.00395082 4.76498e-010
0.389 -0.0092999 0.0300771 0.00352458 0.000452316 0.00395089 4.7701e-010
0.39 -0.00926944 0.0308422 0.00350131 0.000475619 0.00395095 4.77516e-010
0.391 -0.00923822 0.0316046 0.00347755 0.000499426 0.00395102 4.78016e-010
0.392 -0.00920623 0.0323645 0.00345329 0.000523729 0.00395109 4.7851e-010
0.393 -0.00917349 0.0331216 0.00342854 0.00054852 0.00395115 4.78999e-010
0.394 -0.00913999 0.033876 0.00340332 0.000573791 0.00395122 4.79484e-010
0.395 -0.00910574 0.0346275 0.00337763 0.000599532 0.00395128 4.79963e-010
0.396 -0.00907074 0.0353761 0.00335147 0.000625736 0.00395135 4.80439e-010
0.397 -0.00903499 0.0361218 0.00332487 0.000652394 0.00395141 4.80911e-010
0.398 -0.00899849 0.0368645 0.00329782 0.000679496 0.00395148 4.81379e-010
0.399 -0.00896126 0.0376041 0.00327034 0.000707034 0.00395154 4.81844e-010
0.4 -0.00892329 0.0383405 0.00324244 0.000734998 0.00395161 4.82306e-010
0.401 -0.00888458 0.0390738 0.00321412 0.00076338 0.00395167 4.82766e-010
0.402 -0.00884514 0.0398038 0.0031854 0.000792169 0.00395174 4.83224e-010
0.403 -0.00880497 0.0405304 0.00315628 0.000821357 0.0039518 4.83679e-010
0.404 -0.00876408 0.0412537 0.00312677 0.000850932 0.00395187 4.84134e-010
0.405 -0.00872247 0.0419735 0.00309689 0.000880886 0.00395193 4.84587e-010
0.406 -0.00868014 0.0426898 0.00306665 0.000911209 0.00395199 4.8504e-010
0.407 -0.00863709 0.0434025 0.00303604 0.00094189 0.00395206 4.85492e-010
0.408 -0.00859333 0.0441116 0.00300509 0.000972918 0.00395212 4.85945e-010
0.409 -0.00854887 0.0448171 0.00297381 0.00100428 0.00395218 4.86397e-010
0.41 -0.0085037 0.0455188 0.0029422 0.00103598 0.00395225 4.8685e-010
0.411 -0.00845783 0.0462166 0.00291028 0.00106799 0.00395231 4.87305e-010
0.412 -0.00841127 0.0469107 0.00287806 0.0011003 0.00395237 4.8776e-010
0.413 -0.00836401 0.0476008 0.00284554 0.00113292 0.00395244 4.88217e-010
0.414 -0.00831607 0.0482869 0.00281274 0.00116581 0.0039525 4.88677e-010
0.415 -0.00826744 0.048969 0.00277967 0.00119898 0.00395256 4.89138e-010
0.416 -0.00821814 0.049647 0.00274634 0.00123241 0.00395262 4.89603e-010
0.417 -0.00816815 0.0503209 0.00271276 0.0012661 0.00395269 4.9007e-010
0.418 -0.0081175 0.0509905 0.00267895 0.00130002 0.00395275 4.90541e-010
0.419 -0.00806617 0.051656 0.00264491 0.00133417 0.00395281 4.91015e-010
0.42 -0.00801419 0.0523171 0.00261065 0.00136854 0.00395287 4.91494e-010
0.421 -0.00796154 0.0529738 0.00257619 0.00140311 0.00395294 4.91977e-010
0.422 -0.00790824 0.0536261 0.00254154 0.00143788 0.003953 4.92465e-010
0.423 -0.00785429 0.054274 0.00250671 0.00147283 0.00395306 4.92958e-010
0.424 -0.00779969 0.0549173 0.00247172 0.00150796 0.00395313 4.93456e-010
0.425 -0.00774446 0.0555561 0.00243656 0.00154324 0.00395319 4.93961e-010
0.426 -0.00768858 0.0561902 0.00240126 0.00157867 0.00395325 4.94471e-010
0.427 -0.00763208 0.0568197 0.00236583 0.00161424 0.00395331 4.94988e-010
0.428 -0.00757495 0.0574444 0.00233027 0.00164993 0.00395338 4.95511e-010
0.429 -0.00751719 0.0580643 0.00229461 0.00168573 0.00395344 4.96042e-010
0.43 -0.00745882 0.0586794 0.00225885 0.00172164 0.0039535 4.96581e-010
0.431 -0.00739984 0.0592896 0.002223 0.00175763 0.00395356 4.97127e-010
0.432 -0.00734024 0.0598949 0.00218708 0.0017937 0.00395363 4.97681e-010
0.433 -0.00728005 0.0604952 0.0021511 0.00182983 0.00395369 4.98244e-010
0.434 -0.00721926 0.0610905 0.00211506 0.00186602 0.00395375 4.98816e-010
0.435 -0.00715787 0.0616806 0.00207899 0.00190225 0.00395382 4.99397e-010
0.436 -0.0070959 0.0622657 0.00204289 0.00193851 0.00395388 4.99987e-010
0.437 -0.00703334 0.0628456 0.00200678 0.00197478 0.00395394 5.00588e-010
0.438 -0.00697021 0.0634203 0.00197067 0.00201107 0.00395401 5.01199e-010
0.439 -0.0069065 0.0639897 0.00193456 0.00204734 0.00395407 5.0182e-010
0.44 -0.00684223 0.0645538 0.00189848 0.00208359 0.00395413 5.02452e-010
0.441 -0.0067774 0.0651125 0.00186243 0.00211982 0.0039542 5.03096e-010
0.442 -0.00671201 0.0656658 0.00182642 0.002156 0.00395426 5.03751e-010
0.443 -0.00664607 0.0662137 0.00179048 0.00219213 0.00395432 5.04418e-010
0.444 -0.00657959 0.0667561 0.0017546 0.00222819 0.00395439 5.05097e-010
0.445 -0.00651256 0.067293 0.0017188 0.00226417 0.00395445 5.05789e-010
0.446 -0.006445 0.0678243 0.0016831 0.00230007 0.00395452 5.06494e-010
0.447 -0.00637692 0.0683499 0.0016475 0.00233586 0.00395458 5.07212e-010
0.448 -0.00630831 0.06887 0.00161202 0.00237154 0.00395464 5.07944e-010
0.449 -0.00623918 0.0693843 0.00157667 0.00240709 0.00395471 5.0869e-010
0.45 -0.00616954 0.0698928 0.00154145 0.0024425 0.00395477 5.0945e-010
0.451 -0.0060994 0.0703956 0.00150639 0.00247777 0.00395484 5.10225e-010
0.452 -0.00602875 0.0708926 0.00147149 0.00251288 0.0039549 5.11015e-010
0.453 -0.00595761 0.0713837 0.00143676 0.00254782 0.00395497 5.1182e-010
0.454 -0.00588599 0.0718689 0.00140222 0.00258257 0.00395504 5.12641e-010
0.455 -0.00581388 0.0723482 0.00136788 0.00261713 0.0039551 5.13477e-010
0.456 -0.00574129 0.0728215 0.00133374 0.00265148 0.00395517 5.1433e-010
0.457 -0.00566824 0.0732887 0.00129982 0.00268562 0.00395523 5.152e-010
0.458 -0.00559472 0.07375 0.00126614 0.00271953 0.0039553 5.16087e-010
0.459 -0.00552074 0.0742051 0.00123269 0.0027532 0.00395537 5.16991e-010
0.46 -0.00544631 0.0746542 0.0011995 0.00278662 0.00395543 5.17912e-010
0.461 -0.00537144 0.0750971 0.00116657 0.00281978 0.0039555 5.18852e-010
0.462 -0.00529612 0.0755338 0.00113391 0.00285267 0.00395557 5.1981e-010
0.463 -0.00522037 0.0759642 0.00110154 0.00288528 0.00395563 5.20786e-010
0.464 -0.0051442 0.0763885 0.00106947 0.0029176 0.0039557 5.21782e-010
0.465 -0.0050676 0.0768064 0.0010377 0.00294961 0.00395577 5.22796e-010
0.466 -0.00499059 0.077218 0.00100624 0.00298131 0.00395584 5.2383e-010
0.467 -0.00491317 0.0776233 0.00097511 0.00301269 0.00395591 5.24884e-010
0.468 -0.00483534 0.0780222 0.000944317 0.00304373 0.00395597 5.25958e-010
0.469 -0.00475712 0.0784147 0.00091387 0.00307443 0.00395604 5.27053e-010
0.47 -0.00467852 0.0788007 0.000883778 0.00310478 0.00395611 5.28168e-010
0.471 -0.00459953 0.0791803 0.000854052 0.00313476 0.00395618 5.29305e-010
0.472 -0.00452016 0.0795534 0.000824701 0.00316437 0.00395625 5.30463e-010
0.473 -0.00444042 0.0799199 0.000795735 0.0031936 0.00395632 5.31643e-010
0.474 -0.00436032 0.0802799 0.000767163 0.00322243 0.00395639 5.32844e-010
0.475 -0.00427987 0.0806333 0.000738993 0.00325087 0.00395646 5.34068e-010
0.476 -0.00419906 0.0809801 0.000711236 0.00327889 0.00395653 5.35315e-010
0.477 -0.00411791 0.0813203 0.0006839 0.0033065 0.0039566 5.36584e-010
0.478 -0.00403642 0.0816539 0.000656994 0.00333368 0.00395667 5.37877e-010
0.479 -0.0039546 0.0819807 0.000630527 0.00336042 0.00395675 5.39193e-010
0.48 -0.00387246 0.0823008 0.000604506 0.00338671 0.00395682 5.40533e-010
0.481 -0.00379001 0.0826143 0.000578941 0.00341256 0.00395689 5.41896e-010
0.482 -0.00370724 0.0829209 0.000553839 0.00343794 0.00395696 5.43284e-010
0.483 -0.00362417 0.0832208 0.000529208 0.00346285 0.00395703 5.44697e-010
0.484 -0.0035408 0.0835139 0.000505057 0.00348729 0.00395711 5.46134e-010
0.485 -0.00345714 0.0838002 0.000481393 0.00351124 0.00395718 5.47596e-010
0.486 -0.0033732 0.0840797 0.000458223 0.0035347 0.00395725 5.49084e-010
0.487 -0.00328899 0.0843523 0.000435555 0.00355765 0.00395733 5.50597e-010
0.488 -0.0032045 0.084618 0.000413396 0.0035801 0.0039574 5.52136e-010
0.489 -0.00311976 0.0848768 0.000391753 0.00360204 0.00395747 5.53701e-010
0.49 -0.00303475 0.0851288 0.000370633 0.00362345 0.00395755 5.55292e-010
0.491 -0.0029495 0.0853738 0.000350042 0.00364434 0.00395762 5.5691e-010
0.492 -0.00286401 0.0856118 0.000329987 0.00366469 0.0039577 5.58554e-010
0.493 -0.00277828 0.0858429 0.000310475 0.0036845 0.00395777 5.60225e-010
0.494 -0.00269233 0.086067 0.000291511 0.00370377 0.00395785 5.61923e-010
0.495 -0.00260615 0.0862842 0.000273101 0.00372248 0.00395793 5.63649e-010
0.496 -0.00251976 0.0864943 0.000255251 0.00374063 0.003958 5.65402e-010
0.497 -0.00243317 0.0866974 0.000237967 0.00375822 0.00395808 5.67183e-010
0.498 -0.00234637 0.0868935 0.000221254 0.00377524 0.00395816 5.68992e-010
0.499 -0.00225938 0.0870825 0.000205117 0.00379168 0.00395823 5.70829e-010
0.5 -0.00217221 0.0872645 0.000189562 0.00380755 0.00395831 5.72694e-010
0.501 -0.00208486 0.0874394 0.000174592 0.00382283 0.00395839 5.74588e-010
0.502 -0.00199733 0.0876073 0.000160212 0.00383752 0.00395847 5.7651e-010
0.503 -0.00190965 0.087768 0.000146428 0.00385161 0.00395855 5.78461e-010
0.504 -0.0018218 0.0879217 0.000133243 0.00386511 0.00395863 5.80441e-010
0.505 -0.00173381 0.0880682 0.000120661 0.003878 0.0039587 5.82449e-010
0.506 -0.00164567 0.0882076 0.000108686 0.00389029 0.00395878 5.84487e-010
0.507 -0.00155739 0.0883399 9.73218e-005 0.00390197 0.00395886 5.86555e-010
0.508 -0.00146899 0.0884651 8.65714e-005 0.00391304 0.00395894 5.88651e-010
0.509 -0.00138047 0.0885832 7.64384e-005 0.00392349 0.00395902 5.90777e-010
0.51 -0.00129183 0.088694 6.69256e-005 0.00393332 0.0039591 5.92933e-010
0.511 -0.00120308 0.0887978 5.80358e-005 0.00394252 0.00395919 5.95118e-010
0.512 -0.00111424 0.0888944 4.97717e-005 0.00395111 0.00395927 5.97334e-010
0.513 -0.0010253 0.0889838 4.21357e-005 0.00395906 0.00395935 5.99579e-010
0.514 -0.000936272 0.0890661 3.513e-005 0.00396639 0.00395943 6.01854e-010
0.515 -0.000847169 0.0891412 2.87565e-005 0.00397308 0.00395951 6.04158e-010
0.516 -0.000757994 0.0892092 2.3017e-005 0.00397914 0.00395959 6.06493e-010
0.517 -0.000668754 0.0892699 1.79132e-005 0.00398456 0.00395968 6.08858e-010
0.518 -0.000579457 0.0893235 1.34464e-005 0.00398935 0.00395976 6.11253e-010
0.519 -0.000490111 0.08937 9.61776e-006 0.0039935 0.00395984 6.13679e-010
0.52 -0.000400721 0.0894093 6.42824e-006 0.00399701 0.00395993 6.16134e-010
0.521 -0.000311296 0.0894413 3.87861e-006 0.00399988 0.00396001 6.18619e-010
0.522 -0.000221842 0.0894663 1.96943e-006 0.00400211 0.0039601 6.21135e-010
0.523 -0.000132367 0.089484 7.01023e-007 0.0040037 0.00396018 6.23681e-010
0.524 -4.28773e-005 0.0894946 7.3545e-008 0.00400464 0.00396027 6.26257e-010
0.525 4.6619e-005 0.0894981 8.69251e-008 0.00400495 0.00396035 6.28863e-010
0.526 0.000136115 0.0894943 7.40892e-007 0.00400462 0.00396044 6.31499e-010
0.527 0.000225604 0.0894834 2.03497e-006 0.00400364 0.00396052 6.34165e-010
0.528 0.000315079 0.0894654 3.96848e-006 0.00400203 0.00396061 6.3686e-010
0.529 0.000404531 0.0894402 6.54053e-006 0.00399978 0.00396069 6.39586e-010
0.53 0.000493955 0.0894079 9.75004e-006 0.00399689 0.00396078 6.42342e-010
0.531 0.000583344 0.0893684 1.35957e-005 0.00399336 0.00396087 6.45127e-010
0.532 0.000672689 0.0893219 1.80761e-005 0.0039892 0.00396095 6.47942e-010
0.533 0.000761984 0.0892682 2.31894e-005 0.0039844 0.00396104 6.50786e-010
0.534 0.000851221 0.0892073 2.89338e-005 0.00397897 0.00396113 6.5366e-010
0.535 0.000940395 0.0891394 3.53072e-005 0.00397292 0.00396122 6.56563e-010
0.536 0.0010295 0.0890644 4.23074e-005 0.00396623 0.00396131 6.59495e-010
0.537 0.00111852 0.0889823 4.99317e-005 0.00395892 0.00396139 6.62456e-010
0.538 0.00120746 0.0888931 5.81775e-005 0.00395099 0.00396148 6.65446e-010
0.539 0.0012963 0.0887969 6.7042e-005 0.00394244 0.00396157 6.68465e-010
0.54 0.00138505 0.0886936 7.65221e-005 0.00393327 0.00396166 6.71512e-010
0.541 0.00147369 0.0885832 8.66145e-005 0.00392349 0.00396175 6.74588e-010
0.542 0.00156221 0.0884658 9.73157e-005 0.0039131 0.00396184 6.77691e-010
0.543 0.00165061 0.0883414 0.000108622 0.0039021 0.00396193 6.80823e-010
0.544 0.00173889 0.08821 0.00012053 0.00389051 0.00396202 6.83982e-010
0.545 0.00182703 0.0880717 0.000133035 0.00387831 0.00396211 6.87169e-010
0.546 0.00191503 0.0879263 0.000146133 0.00386552 0.0039622 6.90383e-010
0.547 0.00200288 0.087774 0.00015982 0.00385213 0.00396229 6.93624e-010
0.548 0.00209057 0.0876147 0.000174091 0.00383817 0.00396238 6.96892e-010
0.549 0.00217811 0.0874485 0.000188941 0.00382362 0.00396247 7.00186e-010
0.55 0.00226547 0.0872754 0.000204366 0.0038085 0.00396256 7.03507e-010
0.551 0.00235265 0.0870954 0.00022036 0.0037928 0.00396266 7.06853e-010
0.552 0.00243966 0.0869085 0.000236918 0.00377654 0.00396275 7.10226e-010
0.553 0.00252647 0.0867147 0.000254035 0.00375972 0.00396284 7.13623e-010
0.554 0.00261308 0.0865141 0.000271705 0.00374235 0.00396293 7.17046e-010
0.555 0.00269949 0.0863067 0.000289921 0.00372443 0.00396302 7.20494e-010
0.556 0.00278569 0.0860925 0.000308679 0.00370596 0.00396312 7.23966e-010
0.557 0.00287167 0.0858715 0.000327972 0.00368696 0.00396321 7.27463e-010
0.558 0.00295743 0.0856437 0.000347794 0.00366743 0.0039633 7.30983e-010
0.559 0.00304296 0.0854092 0.000368137 0.00364737 0.0039634 7.34527e-010
0.56 0.00312825 0.085168 0.000388997 0.0036268 0.00396349 7.38093e-010
0.561 0.00321329 0.0849201 0.000410365 0.00360571 0.00396358 7.41683e-010
0.562 0.00329808 0.0846655 0.000432235 0.00358412 0.00396368 7.45295e-010
0.563 0.00338262 0.0844042 0.0004546 0.00356204 0.00396377 7.48929e-010
0.564 0.00346689 0.0841364 0.000477452 0.00353946 0.00396387 7.52585e-010
0.565 0.00355089 0.0838619 0.000500785 0.00351641 0.00396396 7.56262e-010
0.566 0.00363461 0.0835808 0.00052459 0.00349288 0.00396405 7.5996e-010
0.567 0.00371805 0.0832932 0.000548861 0.00346888 0.00396415 7.63679e-010
0.568 0.00380119 0.0829991 0.000573588 0.00344442 0.00396424 7.67417e-010
0.569 0.00388404 0.0826984 0.000598765 0.00341951 0.00396434 7.71175e-010
0.57 0.00396659 0.0823913 0.000624382 0.00339416 0.00396443 7.74953e-010
0.571 0.00404882 0.0820777 0.000650433 0.00336838 0.00396453 7.78749e-010
0.572 0.00413074 0.0817577 0.000676908 0.00334216 0.00396462 7.82564e-010
0.573 0.00421233 0.0814313 0.0007038 0.00331553 0.00396472 7.86396e-010
0.574 0.0042936 0.0810986 0.000731098 0.00328849 0.00396481 7.90246e-010
0.575 0.00437453 0.0807595 0.000758796 0.00326105 0.00396491 7.94114e-010
0.576 0.00445511 0.0804141 0.000786884 0.00323321 0.003965 7.97997e-010
0.577 0.00453535 0.0800624 0.000815353 0.00320499 0.0039651 8.01897e-010
0.578 0.00461523 0.0797045 0.000844193 0.0031764 0.0039652 8.05813e-010
0.579 0.00469476 0.0793403 0.000873397 0.00314744 0.00396529 8.09744e-010
0.58 0.00477391 0.07897 0.000902954 0.00311813 0.00396539 8.13689e-010
0.581 0.00485269 0.0785935 0.000932855 0.00308847 0.00396548 8.17649e-010
0.582 0.0049311 0.0782109 0.000963091 0.00305847 0.00396558 8.21622e-010
0.583 0.00500911 0.0778222 0.000993652 0.00302815 0.00396568 8.25609e-010
0.584 0.00508674 0.0774275 0.00102453 0.00299751 0.00396577 8.29609e-010
0.585 0.00516396 0.0770267 0.00105571 0.00296656 0.00396587 8.3362e-010
0.586 0.00524079 0.0766199 0.00108719 0.00293531 0.00396597 8.37644e-010
0.587 0.0053172 0.0762072 0.00111895 0.00290377 0.00396606 8.41679e-010
0.588 0.0053932 0.0757885 0.00115099 0.00287195 0.00396616 8.45725e-010
0.589 0.00546878 0.075364 0.0011833 0.00283987 0.00396626 8.49781e-010
0.59 0.00554392 0.0749336 0.00121586 0.00280752 0.00396635 8.53846e-010
0.591 0.00561864 0.0744974 0.00124867 0.00277493 0.00396645 8.57922e-010
0.592 0.00569292 0.0740554 0.00128171 0.0027421 0.00396655 8.62005e-010
0.593 0.00576675 0.0736077 0.00131498 0.00270905 0.00396664 8.66097e-010
0.594 0.00584013 0.0731543 0.00134846 0.00267578 0.00396674 8.70197e-010
0.595 0.00591305 0.0726952 0.00138214 0.0026423 0.00396684 8.74304e-010
0.596 0.00598552 0.0722305 0.00141602 0.00260862 0.00396693 8.78418e-010
0.597 0.00605751 0.0717601 0.00145008 0.00257476 0.00396703 8.82537e-010
0.598 0.00612903 0.0712843 0.00148431 0.00254072 0.00396713 8.86663e-010
0.599 0.00620008 0.0708029 0.00151871 0.00250652 0.00396722 8.90793e-010
0.6 0.00627064 0.070316 0.00155325 0.00247217 0.00396732 8.94928e-010
0.601 0.00634071 0.0698237 0.00158794 0.00243767 0.00396742 8.99068e-010
0.602 0.00641028 0.069326 0.00162275 0.00240305 0.00396751 9.0321e-010
0.603 0.00647936 0.0688229 0.00165768 0.0023683 0.00396761 9.07356e-010
0.604 0.00654793 0.0683146 0.00169272 0.00233344 0.00396771 9.11505e-010
0.605 0.00661598 0.0678009 0.00172786 0.00229848 0.0039678 9.15655e-010
0.606 0.00668352 0.067282 0.00176308 0.00226344 0.0039679 9.19807e-010
0.607 0.00675054 0.066758 0.00179838 0.00222831 0.003968 9.2396e-010
0.608 0.00681704 0.0662287 0.00183374 0.00219312 0.00396809 9.28113e-010
0.609 0.006883 0.0656944 0.00186915 0.00215788 0.00396819 9.32266e-010
0.61 0.00694842 0.065155 0.0019046 0.00212259 0.00396829 9.36419e-010
0.611 0.00701331 0.0646106 0.00194009 0.00208727 0.00396838 9.40571e-010
0.612 0.00707764 0.0640612 0.00197559 0.00205192 0.00396848 9.44721e-010
0.613 0.00714143 0.0635069 0.0020111 0.00201656 0.00396858 9.48869e-010
0.614 0.00720465 0.0629477 0.00204661 0.00198121 0.00396867 9.53014e-010
0.615 0.00726732 0.0623836 0.00208211 0.00194586 0.00396877 9.57157e-010
0.616 0.00732942 0.0618148 0.00211758 0.00191053 0.00396887 9.61295e-010
0.617 0.00739095 0.0612412 0.00215302 0.00187524 0.00396896 9.6543e-010
0.618 0.0074519 0.0606629 0.00218841 0.00183999 0.00396906 9.69561e-010
0.619 0.00751227 0.0600799 0.00222375 0.0018048 0.00396915 9.73686e-010
0.62 0.00757206 0.0594923 0.00225901 0.00176967 0.00396925 9.77806e-010
0.621 0.00763125 0.0589001 0.0022942 0.00173461 0.00396935 9.81919e-010
0.622 0.00768985 0.0583034 0.0023293 0.00169965 0.00396944 9.86027e-010
0.623 0.00774786 0.0577023 0.0023643 0.00166478 0.00396954 9.90127e-010
0.624 0.00780526 0.0570967 0.00239918 0.00163002 0.00396963 9.9422e-010
0.625 0.00786205 0.0564867 0.00243395 0.00159537 0.00396973 9.98306e-010
0.626 0.00791823 0.0558724 0.00246858 0.00156086 0.00396982 1.00238e-009
0.627 0.00797379 0.0552538 0.00250307 0.00152649 0.00396992 1.00645e-009
0.628 0.00802873 0.054631 0.0025374 0.00149227 0.00397001 1.01051e-009
0.629 0.00808305 0.054004 0.00257158 0.00145821 0.00397011 1.01456e-009
0.63 0.00813674 0.0533728 0.00260557 0.00142433 0.0039702 1.0186e-009
0.631 0.00818979 0.0527376 0.00263938 0.00139062 0.0039703 1.02263e-009
0.632 0.00824221 0.0520983 0.002673 0.00135711 0.00397039 1.02665e-009
0.633 0.00829399 0.051455 0.00270641 0.00132381 0.00397049 1.03066e-009
0.634 0.00834512 0.0508078 0.0027396 0.00129071 0.00397058 1.03465e-009
0.635 0.0083956 0.0501567 0.00277256 0.00125784 0.00397067 1.03863e-009
0.636 0.00844543 0.0495017 0.00280529 0.00122521 0.00397077 1.04261e-009
0.637 0.0084946 0.048843 0.00283778 0.00119282 0.00397086 1.04656e-009
0.638 0.00854312 0.0481805 0.00287001 0.00116068 0.00397096 1.05051e-009
0.639 0.00859096 0.0475143 0.00290197 0.00112881 0.00397105 1.05444e-009
0.64 0.00863814 0.0468445 0.00293365 0.0010972 0.00397114 1.05836e-009
0.641 0.00868465 0.0461711 0.00296505 0.00106589 0.00397124 1.06226e-009
0.642 0.00873048 0.0454942 0.00299616 0.00103486 0.00397133 1.06615e-009
0.643 0.00877564 0.0448138 0.00302696 0.00100414 0.00397142 1.07002e-009
0.644 0.00882011 0.04413 0.00305744 0.000973729 0.00397151 1.07388e-009
0.645 0.0088639 0.0434428 0.0030876 0.00094364 0.00397161 1.07773e-009
0.646 0.00890699 0.0427523 0.00311743 0.00091388 0.0039717 1.08155e-009
0.647 0.0089494 0.0420585 0.00314692 0.00088446 0.00397179 1.08536e-009
0.648 0.00899111 0.0413615 0.00317606 0.000855388 0.00397188 1.08916e-009
0.649 0.00903212 0.0406614 0.00320484 0.000826674 0.00397197 1.09294e-009
0.65 0.00907243 0.0399581 0.00323325 0.000798326 0.00397207 1.0967e-009
0.651 0.00911203 0.0392518 0.00326128 0.000770352 0.00397216 1.10044e-009
0.652 0.00915093 0.0385425 0.00328893 0.000742762 0.00397225 1.10417e-009
0.653 0.00918912 0.0378302 0.00331618 0.000715563 0.00397234 1.10787e-009
0.654 0.00922659 0.0371151 0.00334303 0.000688764 0.00397243 1.11156e-009
0.655 0.00926335 0.0363971 0.00336948 0.000662374 0.00397252 1.11523e-009
0.656 0.00929938 0.0356763 0.0033955 0.0006364 0.00397261 1.11889e-009
0.657 0.0093347 0.0349528 0.0034211 0.00061085 0.0039727 1.12252e-009
0.658 0.00936929 0.0342267 0.00344626 0.000585732 0.00397279 1.12614e-009
0.659 0.00940315 0.0334979 0.00347098 0.000561054 0.00397288 1.12973e-009
0.66 0.00943628 0.0327665 0.00349525 0.000536823 0.00397297 1.13331e-009
0.661 0.00946868 0.0320327 0.00351907 0.000513047 0.00397306 1.13686e-009
0.662 0.00950035 0.0312964 0.00354242 0.000489733 0.00397315 1.1404e-009
0.663 0.00953127 0.0305577 0.0035653 0.000466887 0.00397324 1.14391e-009
0.664 0.00956146 0.0298167 0.00358771 0.000444518 0.00397333 1.14741e-009
0.665 0.00959091 0.0290734 0.00360962 0.000422632 0.00397342 1.15089e-009
0.666 0.00961961 0.0283279 0.00363105 0.000401235 0.0039735 1.15434e-009
0.667 0.00964756 0.0275802 0.00365198 0.000380334 0.00397359 1.15778e-009
0.668 0.00967477 0.0268304 0.00367241 0.000359935 0.00397368 1.16119e-009
0.669 0.00970122 0.0260786 0.00369233 0.000340045 0.00397377 1.16458e-009
0.67 0.00972692 0.0253247 0.00371173 0.00032067 0.00397385 1.16796e-009
0.671 0.00975187 0.0245689 0.0037306 0.000301816 0.00397394 1.17131e-009
0.672 0.00977606 0.0238112 0.00374895 0.000283488 0.00397403 1.17464e-009
0.673 0.00979949 0.0230518 0.00376677 0.000265692 0.00397412 1.17794e-009
0.674 0.00982216 0.0222905 0.00378405 0.000248433 0.0039742 1.18123e-009
0.675 0.00984407 0.0215275 0.00380078 0.000231717 0.00397429 1.1845e-009
0.676 0.00986522 0.0207629 0.00381697 0.000215549 0.00397437 1.18774e-009
0.677 0.0098856 0.0199967 0.0038326 0.000199934 0.00397446 1.19096e-009
0.678 0.00990521 0.0192289 0.00384767 0.000184876 0.00397455 1.19416e-009
0.679 0.00992405 0.0184597 0.00386218 0.00017038 0.00397463 1.19734e-009
0.68 0.00994213 0.0176891 0.00387612 0.000156452 0.00397472 1.2005e-009
0.681 0.00995943 0.0169171 0.00388949 0.000143093 0.0039748 1.20363e-009
0.682 0.00997596 0.0161437 0.00390228 0.00013031 0.00397489 1.20675e-009
0.683 0.00999172 0.0153692 0.0039145 0.000118106 0.00397497 1.20984e-009
0.684 0.0100067 0.0145934 0.00392613 0.000106484 0.00397505 1.21291e-009
0.685 0.0100209 0.0138166 0.00393717 9.54487e-005 0.00397514 1.21596e-009
0.686 0.0100343 0.0130386 0.00394762 8.50028e-005 0.00397522 1.21898e-009
0.687 0.010047 0.0122597 0.00395748 7.51497e-005 0.0039753 1.22199e-009
0.688 0.0100589 0.0114798 0.00396675 6.58924e-005 0.00397539 1.22497e-009
0.689 0.0100699 0.010699 0.00397541 5.72338e-005 0.00397547 1.22793e-009
0.69 0.0100802 0.00991732 0.00398347 4.91766e-005 0.00397555 1.23087e-009
0.691 0.0100898 0.00913491 0.00399093 4.17233e-005 0.00397564 1.23379e-009
0.692 0.0100985 0.00835178 0.00399778 3.48761e-005 0.00397572 1.23669e-009
0.693 0.0101065 0.00756799 0.00400402 2.86373e-005 0.0039758 1.23957e-009
0.694 0.0101137 0.00678361 0.00400965 2.30087e-005 0.00397588 1.24242e-009
0.695 0.01012 0.00599868 0.00401467 1.79921e-005 0.00397596 1.24525e-009
0.696 0.0101256 0.00521328 0.00401907 1.35891e-005 0.00397605 1.24807e-009
0.697 0.0101305 0.00442745 0.00402286 9.80115e-006 0.00397613 1.25086e-009
0.698 0.0101345 0.00364126 0.00402603 6.62938e-006 0.00397621 1.25363e-009
0.699 0.0101378 0.00285476 0.00402859 4.07483e-006 0.00397629 1.25638e-009
0.7 0.0101402 0.00206802 0.00403052 2.13836e-006 0.00397637 1.2591e-009
0.701 0.0101419 0.0012811 0.00403184 8.20607e-007 0.00397645 1.26181e-009
0.702 0.0101428 0.000494048 0.00403254 1.22042e-007 0.00397653 1.2645e-009
0.703 0.0101429 -0.000293069 0.00403262 4.29446e-008 0.00397661 1.26717e-009
0.704 0.0101422 -0.00108019 0.00403208 5.83409e-007 0.00397669 1.26981e-009
0.705 0.0101407 -0.00186727 0.00403092 1.74334e-006 0.00397677 1.27244e-009
0.706 0.0101385 -0.00265423 0.00402914 3.52247e-006 0.00397685 1.27505e-009
0.707 0.0101354 -0.00344102 0.00402674 5.92031e-006 0.00397692 1.27763e-009
0.708 0.0101316 -0.00422758 0.00402373 8.93623e-006 0.003977 1.2802e-009
0.709 0.010127 -0.00501386 0.00402009 1.25694e-005 0.00397708 1.28275e-009
0.71 0.0101215 -0.00579978 0.00401585 1.68188e-005 0.00397716 1.28528e-009
0.711 0.0101154 -0.0065853 0.00401098 2.16831e-005 0.00397724 1.28779e-009
0.712 0.0101084 -0.00737036 0.00400551 2.71611e-005 0.00397732 1.29028e-009
0.713 0.0101006 -0.00815489 0.00399942 3.32511e-005 0.00397739 1.29275e-009
0.714 0.0100921 -0.00893883 0.00399272 3.99513e-005 0.00397747 1.2952e-009
0.715 0.0100827 -0.00972213 0.00398542 4.72599e-005 0.00397755 1.29764e-009
0.716 0.0100726 -0.0105047 0.00397751 5.51747e-005 0.00397762 1.30006e-009
0.717 0.0100617 -0.0112866 0.00396899 6.36933e-005 0.0039777 1.30246e-009
0.718 0.01005 -0.0120676 0.00395988 7.28133e-005 0.00397778 1.30484e-009
0.719 0.0100376 -0.0128477 0.00395016 8.2532e-005 0.00397785 1.3072e-009
0.72 0.0100244 -0.0136269 0.00393986 9.28465e-005 0.00397793 1.30955e-009
0.721 0.0100103 -0.0144051 0.00392896 0.000103754 0.00397801 1.31188e-009
0.722 0.00999554 -0.0151823 0.00391747 0.000115251 0.00397808 1.3142e-009
0.723 0.00997997 -0.0159583 0.00390539 0.000127334 0.00397816 1.3165e-009
0.724 0.00996363 -0.0167332 0.00389274 0.000139999 0.00397823 1.31878e-009
0.725 0.00994651 -0.0175068 0.0038795 0.000153244 0.00397831 1.32104e-009
0.726 0.00992862 -0.0182791 0.0038657 0.000167063 0.00397838 1.32329e-009
0.727 0.00990995 -0.0190501 0.00385132 0.000181454 0.00397846 1.32553e-009
0.728 0.00989052 -0.0198197 0.00383638 0.000196411 0.00397853 1.32775e-009
0.729 0.00987031 -0.0205878 0.00382087 0.00021193 0.00397861 1.32995e-009
0.73 0.00984934 -0.0213544 0.00380481 0.000228006 0.00397868 1.33214e-009
0.731 0.0098276 -0.0221195 0.0037882 0.000244635 0.00397875 1.33432e-009
0.732 0.0098051 -0.0228828 0.00377104 0.000261812 0.00397883 1.33648e-009
0.733 0.00978184 -0.0236445 0.00375335 0.000279532 0.0039789 1.33863e-009
0.734 0.00975782 -0.0244044 0.00373511 0.000297789 0.00397898 1.34076e-009
0.735 0.00973303 -0.0251626 0.00371634 0.000316577 0.00397905 1.34289e-009
0.736 0.00970749 -0.0259188 0.00369705 0.000335892 0.00397912 1.34499e-009
0.737 0.00968119 -0.0266731 0.00367724 0.000355728 0.00397919 1.34709e-009
0.738 0.00965415 -0.0274255 0.00365692 0.000376078 0.00397927 1.34918e-009
0.739 0.00962634 -0.0281758 0.00363609 0.000396937 0.00397934 1.35125e-009
0.74 0.0095978 -0.028924 0.00361476 0.000418298 0.00397941 1.35331e-009
0.741 0.0095685 -0.02967 0.00359294 0.000440155 0.00397948 1.35536e-009
0.742 0.00953846 -0.0304138 0.00357063 0.000462501 0.00397956 1.3574e-009
0.743 0.00950767 -0.0311554 0.00354783 0.000485329 0.00397963 1.35942e-009
0.744 0.00947615 -0.0318946 0.00352457 0.000508634 0.0039797 1.36144e-009
0.745 0.00944388 -0.0326315 0.00350083 0.000532407 0.00397977 1.36345e-009
0.746 0.00941088 -0.0333659 0.00347664 0.000556642 0.00397984 1.36544e-009
0.747 0.00937715 -0.0340978 0.00345199 0.000581331 0.00397992 1.36743e-009
0.748 0.00934269 -0.0348272 0.0034269 0.000606467 0.00397999 1.36941e-009
0.749 0.0093075 -0.035554 0.00340137 0.000632042 0.00398006 1.37138e-009
0.75 0.00927158 -0.0362781 0.00337541 0.000658049 0.00398013 1.37334e-009
0.751 0.00923495 -0.0369995 0.00334903 0.00068448 0.0039802 1.3753e-009
0.752 0.00919759 -0.0377181 0.00332224 0.000711327 0.00398027 1.37724e-009
0.753 0.00915951 -0.0384339 0.00329504 0.000738581 0.00398034 1.37918e-009
0.754 0.00912072 -0.0391468 0.00326744 0.000766235 0.00398041 1.38111e-009
0.755 0.00908122 -0.0398568 0.00323946 0.000794281 0.00398048 1.38304e-009
0.756 0.00904101 -0.0405637 0.00321109 0.000822709 0.00398055 1.38495e-009
0.757 0.00900009 -0.0412677 0.00318235 0.000851511 0.00398062 1.38687e-009
0.758 0.00895847 -0.0419685 0.00315325 0.000880678 0.00398069 1.38877e-009
0.759 0.00891616 -0.0426662 0.00312379 0.000910202 0.00398076 1.39067e-009
0.76 0.00887314 -0.0433607 0.00309399 0.000940074 0.00398083 1.39257e-009
0.761 0.00882944 -0.0440519 0.00306385 0.000970284 0.0039809 1.39446e-009
0.762 0.00878504 -0.0447398 0.00303339 0.00100082 0.00398097 1.39635e-009
0.763 0.00873996 -0.0454243 0.00300261 0.00103168 0.00398104 1.39823e-009
0.764 0.00869419 -0.0461054 0.00297152 0.00106286 0.00398111 1.40011e-009
0.765 0.00864775 -0.0467831 0.00294012 0.00109433 0.00398118 1.40199e-009
0.766 0.00860063 -0.0474572 0.00290844 0.00112609 0.00398125 1.40386e-009
0.767 0.00855284 -0.0481277 0.00287649 0.00115814 0.00398132 1.40573e-009
0.768 0.00850438 -0.0487946 0.00284426 0.00119046 0.00398139 1.4076e-009
0.769 0.00845525 -0.0494578 0.00281177 0.00122304 0.00398146 1.40947e-009
0.77 0.00840546 -0.0501173 0.00277903 0.00125587 0.00398153 1.41134e-009
0.771 0.00835502 -0.050773 0.00274605 0.00128895 0.0039816 1.4132e-009
0.772 0.00830392 -0.0514249 0.00271284 0.00132226 0.00398167 1.41506e-009
0.773 0.00825217 -0.0520729 0.00267941 0.00135579 0.00398174 1.41693e-009
0.774 0.00819977 -0.0527169 0.00264577 0.00138954 0.00398181 1.41879e-009
0.775 0.00814674 -0.0533569 0.00261193 0.00142348 0.00398188 1.42066e-009
0.776 0.00809306 -0.053993 0.0025779 0.00145762 0.00398195 1.42252e-009
0.777 0.00803875 -0.0546249 0.00254369 0.00149194 0.00398201 1.42439e-009
0.778 0.00798382 -0.0552527 0.00250932 0.00152643 0.00398208 1.42626e-009
0.779 0.00792825 -0.0558763 0.00247478 0.00156108 0.00398215 1.42813e-009
0.78 0.00787206 -0.0564956 0.00244011 0.00159588 0.00398222 1.43e-009
0.781 0.00781526 -0.0571107 0.00240529 0.00163082 0.00398229 1.43187e-009
0.782 0.00775785 -0.0577214 0.00237035 0.00166588 0.00398236 1.43375e-009
0.783 0.00769982 -0.0583278 0.0023353 0.00170107 0.00398243 1.43563e-009
0.784 0.00764119 -0.0589297 0.00230014 0.00173636 0.0039825 1.43752e-009
0.785 0.00758196 -0.0595272 0.00226488 0.00177174 0.00398257 1.43941e-009
0.786 0.00752214 -0.0601201 0.00222955 0.00180721 0.00398263 1.4413e-009
0.787 0.00746173 -0.0607084 0.00219415 0.00184276 0.0039827 1.4432e-009
0.788 0.00740073 -0.0612922 0.00215868 0.00187836 0.00398277 1.4451e-009
0.789 0.00733914 -0.0618712 0.00212317 0.00191402 0.00398284 1.44701e-009
0.79 0.00727699 -0.0624456 0.00208761 0.00194972 0.00398291 1.44893e-009
0.791 0.00721426 -0.0630152 0.00205203 0.00198546 0.00398298 1.45085e-009
0.792 0.00715096 -0.06358 0.00201644 0.00202121 0.00398305 1.45278e-009
0.793 0.0070871 -0.0641399 0.00198084 0.00205696 0.00398312 1.45472e-009
0.794 0.00702268 -0.0646949 0.00194524 0.00209272 0.00398319 1.45666e-009
0.795 0.00695771 -0.065245 0.00190966 0.00212846 0.00398325 1.45861e-009
0.796 0.00689219 -0.0657902 0.00187411 0.00216417 0.00398332 1.46057e-009
0.797 0.00682613 -0.0663303 0.0018386 0.00219985 0.00398339 1.46254e-009
0.798 0.00675953 -0.0668653 0.00180314 0.00223548 0.00398346 1.46452e-009
0.799 0.0066924 -0.0673952 0.00176774 0.00227106 0.00398353 1.4665e-009
0.8 0.00662475 -0.06792 0.00173241 0.00230656 0.0039836 1.4685e-009
0.801 0.00655657 -0.0684395 0.00169717 0.00234198 0.00398367 1.47051e-009
0.802 0.00648787 -0.0689538 0.00166202 0.00237731 0.00398374 1.47252e-009
0.803 0.00641866 -0.0694628 0.00162697 0.00241254 0.00398381 1.47455e-009
0.804 0.00634895 -0.0699666 0.00159204 0.00244766 0.00398388 1.47659e-009
0.805 0.00627873 -0.0704649 0.00155724 0.00248265 0.00398395 1.47864e-009
0.806 0.00620802 -0.0709578 0.00152258 0.00251751 0.00398402 1.48071e-009
0.807 0.00613682 -0.0714453 0.00148806 0.00255222 0.00398409 1.48278e-009
0.808 0.00606513 -0.0719273 0.00145371 0.00258677 0.00398416 1.48487e-009
0.809 0.00599297 -0.0724038 0.00141953 0.00262115 0.00398423 1.48697e-009
0.81 0.00592033 -0.0728747 0.00138552 0.00265536 0.0039843 1.48909e-009
0.811 0.00584722 -0.0733399 0.00135171 0.00268937 0.00398437 1.49121e-009
0.812 0.00577365 -0.0737996 0.00131811 0.00272319 0.00398444 1.49336e-009
0.813 0.00569962 -0.0742536 0.00128471 0.0027568 0.00398451 1.49551e-009
0.814 0.00562515 -0.0747018 0.00125154 0.00279018 0.00398458 1.49769e-009
0.815 0.00555022 -0.0751443 0.00121861 0.00282333 0.00398465 1.49987e-009
0.816 0.00547486 -0.075581 0.00118592 0.00285624 0.00398472 1.50208e-009
0.817 0.00539906 -0.0760118 0.00115348 0.0028889 0.00398479 1.5043e-009
0.818 0.00532284 -0.0764368 0.00112131 0.00292129 0.00398486 1.50653e-009
0.819 0.00524619 -0.0768559 0.00108942 0.00295341 0.00398493 1.50878e-009
0.82 0.00516913 -0.077269 0.00105781 0.00298525 0.003985 1.51105e-009
0.821 0.00509166 -0.0776762 0.0010265 0.0030168 0.00398507 1.51334e-009
0.822 0.00501378 -0.0780774 0.000995496 0.00304804 0.00398514 1.51564e-009
0.823 0.00493551 -0.0784725 0.000964806 0.00307897 0.00398521 1.51797e-009
0.824 0.00485684 -0.0788615 0.000934442 0.00310957 0.00398528 1.52031e-009
0.825 0.00477779 -0.0792444 0.000904413 0.00313984 0.00398536 1.52266e-009
0.826 0.00469835 -0.0796212 0.000874729 0.00316977 0.00398543 1.52504e-009
0.827 0.00461855 -0.0799918 0.0008454 0.00319935 0.0039855 1.52744e-009
0.828 0.00453837 -0.0803562 0.000816435 0.00322856 0.00398557 1.52986e-009
0.829 0.00445784 -0.0807144 0.000787843 0.00325741 0.00398564 1.5323e-009
0.83 0.00437695 -0.0810663 0.000759633 0.00328587 0.00398571 1.53475e-009
0.831 0.00429571 -0.0814119 0.000731815 0.00331395 0.00398579 1.53723e-009
0.832 0.00421413 -0.0817511 0.000704397 0.00334162 0.00398586 1.53973e-009
0.833 0.00413221 -0.082084 0.000677389 0.00336889 0.00398593 1.54225e-009
0.834 0.00404996 -0.0824105 0.000650799 0.00339575 0.003986 1.5448e-009
0.835 0.00396739 -0.0827306 0.000624635 0.00342218 0.00398608 1.54736e-009
0.836 0.0038845 -0.0830443 0.000598907 0.00344818 0.00398615 1.54995e-009
0.837 0.00380131 -0.0833514 0.000573622 0.00347373 0.00398622 1.55256e-009
0.838 0.0037178 -0.0836521 0.00054879 0.00349884 0.0039863 1.55519e-009
0.839 0.00363401 -0.0839462 0.000524417 0.00352348 0.00398637 1.55785e-009
0.84 0.00354992 -0.0842338 0.000500512 0.00354766 0.00398644 1.56053e-009
0.841 0.00346554 -0.0845148 0.000477083 0.00357137 0.00398652 1.56323e-009
0.842 0.00338089 -0.0847891 0.000454137 0.0035946 0.00398659 1.56596e-009
0.843 0.00329597 -0.0850569 0.000431682 0.00361734 0.00398666 1.56871e-009
0.844 0.00321078 -0.085318 0.000409726 0.00363958 0.00398674 1.57148e-009
0.845 0.00312533 -0.0855724 0.000388275 0.00366131 0.00398681 1.57429e-009
0.846 0.00303964 -0.0858201 0.000367337 0.00368254 0.00398689 1.57711e-009
0.847 0.0029537 -0.086061 0.000346919 0.00370325 0.00398696 1.57996e-009
0.848 0.00286752 -0.0862952 0.000327027 0.00372343 0.00398704 1.58284e-009
0.849 0.00278111 -0.0865227 0.000307668 0.00374309 0.00398711 1.58574e-009
0.85 0.00269448 -0.0867433 0.000288848 0.0037622 0.00398719 1.58867e-009
0.851 0.00260763 -0.0869571 0.000270575 0.00378077 0.00398726 1.59163e-009
0.852 0.00252057 -0.0871641 0.000252853 0.00379879 0.00398734 1.59461e-009
0.853 0.0024333 -0.0873642 0.000235689 0.00381626 0.00398741 1.59762e-009
0.854 0.00234584 -0.0875575 0.000219089 0.00383316 0.00398749 1.60066e-009
0.855 0.00225819 -0.0877438 0.000203058 0.00384949 0.00398756 1.60372e-009
0.856 0.00217036 -0.0879233 0.000187602 0.00386525 0.00398764 1.60681e-009
0.857 0.00208235 -0.0880958 0.000172726 0.00388043 0.00398772 1.60993e-009
0.858 0.00199417 -0.0882613 0.000158435 0.00389503 0.00398779 1.61308e-009
0.859 0.00190583 -0.0884199 0.000144735 0.00390904 0.00398787 1.61625e-009
0.86 0.00181733 -0.0885715 0.000131629 0.00392246 0.00398795 1.61945e-009
0.861 0.00172869 -0.0887161 0.000119122 0.00393527 0.00398802 1.62269e-009
0.862 0.0016399 -0.0888537 0.000107219 0.00394749 0.0039881 1.62595e-009
0.863 0.00155098 -0.0889842 9.59242e-005 0.0039591 0.00398818 1.62924e-009
0.864 0.00146194 -0.0891077 8.52411e-005 0.00397009 0.00398826 1.63255e-009
0.865 0.00137277 -0.0892242 7.51736e-005 0.00398048 0.00398833 1.6359e-009
0.866 0.00128349 -0.0893336 6.57254e-005 0.00399024 0.00398841 1.63928e-009
0.867 0.00119411 -0.0894358 5.68999e-005 0.00399938 0.00398849 1.64268e-009
0.868 0.00110463 -0.089531 4.87002e-005 0.0040079 0.00398857 1.64612e-009
0.869 0.00101505 -0.0896191 4.11296e-005 0.00401579 0.00398865 1.64959e-009
0.87 0.000925391 -0.0897001 3.41906e-005 0.00402305 0.00398873 1.65308e-009
0.871 0.000835654 -0.0897739 2.78861e-005 0.00402968 0.00398881 1.65661e-009
0.872 0.000745847 -0.0898406 2.22183e-005 0.00403566 0.00398888 1.66016e-009
0.873 0.000655977 -0.0899001 1.71896e-005 0.00404101 0.00398896 1.66375e-009
0.874 0.00056605 -0.0899525 1.2802e-005 0.00404572 0.00398904 1.66737e-009
0.875 0.000476075 -0.0899977 9.05728e-006 0.00404979 0.00398912 1.67101e-009
0.876 0.000386059 -0.0900357 5.95705e-006 0.00405322 0.0039892 1.67469e-009
0.877 0.000296007 -0.0900666 3.50274e-006 0.00405599 0.00398928 1.6784e-009
0.878 0.000205929 -0.0900902 1.69557e-006 0.00405812 0.00398936 1.68213e-009
0.879 0.000115831 -0.0901067 5.36544e-007 0.00405961 0.00398944 1.6859e-009
0.88 2.57192e-005 -0.090116 2.64577e-008 0.00406044 0.00398952 1.6897e-009
0.881 -6.43978e-005 -0.090118 1.65904e-007 0.00406063 0.00398961 1.69353e-009
0.882 -0.000154513 -0.0901129 9.55269e-007 0.00406016 0.00398969 1.69739e-009
0.883 -0.00024462 -0.0901005 2.39473e-006 0.00405905 0.00398977 1.70129e-009
0.884 -0.000334711 -0.0900809 4.48425e-006 0.00405729 0.00398985 1.70521e-009
0.885 -0.000424778 -0.0900541 7.22359e-006 0.00405487 0.00398993 1.70916e-009
0.886 -0.000514815 -0.0900201 1.06123e-005 0.00405181 0.00399001 1.71315e-009
0.887 -0.000604815 -0.0899788 1.46497e-005 0.0040481 0.00399009 1.71716e-009
0.888 -0.000694769 -0.0899304 1.9335e-005 0.00404373 0.00399018 1.72121e-009
0.889 -0.000784672 -0.0898747 2.46671e-005 0.00403873 0.00399026 1.72528e-009
0.89 -0.000874515 -0.0898117 3.06446e-005 0.00403307 0.00399034 1.72939e-009
0.891 -0.000964292 -0.0897416 3.72662e-005 0.00402678 0.00399042 1.73353e-009
0.892 -0.00105399 -0.0896642 4.453e-005 0.00401984 0.00399051 1.73769e-009
0.893 -0.00114362 -0.0895796 5.24342e-005 0.00401226 0.00399059 1.74189e-009
0.894 -0.00123315 -0.0894878 6.09766e-005 0.00400404 0.00399067 1.74612e-009
0.895 -0.00132259 -0.0893888 7.0155e-005 0.00399518 0.00399076 1.75038e-009
0.896 -0.00141192 -0.0892826 7.99668e-005 0.00398569 0.00399084 1.75467e-009
0.897 -0.00150115 -0.0891692 9.04092e-005 0.00397557 0.00399092 1.75899e-009
0.898 -0.00159026 -0.0890485 0.000101479 0.00396482 0.00399101 1.76334e-009
0.899 -0.00167924 -0.0889207 0.000113174 0.00395345 0.00399109 1.76772e-009
0.9 -0.0017681 -0.0887857 0.00012549 0.00394145 0.00399117 1.77213e-009
0.901 -0.00185681 -0.0886435 0.000138423 0.00392883 0.00399126 1.77656e-009
0.902 -0.00194538 -0.0884941 0.00015197 0.0039156 0.00399134 1.78103e-009
0.903 -0.0020338 -0.0883376 0.000166128 0.00390176 0.00399143 1.78553e-009
0.904 -0.00212205 -0.0881739 0.000180891 0.00388732 0.00399151 1.79005e-009
0.905 -0.00221014 -0.088003 0.000196255 0.00387227 0.0039916 1.79461e-009
0.906 -0.00229805 -0.087825 0.000212216 0.00385662 0.00399168 1.79919e-009
0.907 -0.00238579 -0.0876399 0.000228769 0.00384038 0.00399177 1.80381e-009
0.908 -0.00247333 -0.0874477 0.000245908 0.00382355 0.00399185 1.80845e-009
0.909 -0.00256068 -0.0872483 0.00026363 0.00380614 0.00399194 1.81312e-009
0.91 -0.00264782 -0.0870419 0.000281928 0.00378815 0.00399203 1.81781e-009
0.911 -0.00273476 -0.0868284 0.000300798 0.00376958 0.00399211 1.82254e-009
0.912 -0.00282148 -0.0866078 0.000320232 0.00375046 0.0039922 1.82729e-009
0.913 -0.00290797 -0.0863802 0.000340226 0.00373077 0.00399228 1.83207e-009
0.914 -0.00299423 -0.0861455 0.000360772 0.00371052 0.00399237 1.83687e-009
0.915 -0.00308026 -0.0859038 0.000381866 0.00368973 0.00399246 1.8417e-009
0.916 -0.00316604 -0.0856551 0.0004035 0.0036684 0.00399254 1.84656e-009
0.917 -0.00325156 -0.0853994 0.000425668 0.00364653 0.00399263 1.85145e-009
0.918 -0.00333683 -0.0851367 0.000448362 0.00362413 0.00399272 1.85636e-009
0.919 -0.00342183 -0.0848671 0.000471576 0.00360121 0.0039928 1.86129e-009
0.92 -0.00350656 -0.0845905 0.000495303 0.00357778 0.00399289 1.86625e-009
0.921 -0.00359101 -0.084307 0.000519535 0.00355384 0.00399298 1.87124e-009
0.922 -0.00367517 -0.0840166 0.000544265 0.0035294 0.00399307 1.87625e-009
0.923 -0.00375904 -0.0837193 0.000569484 0.00350446 0.00399315 1.88128e-009
0.924 -0.00384261 -0.0834152 0.000595185 0.00347905 0.00399324 1.88634e-009
0.925 -0.00392587 -0.0831042 0.000621361 0.00345316 0.00399333 1.89142e-009
0.926 -0.00400881 -0.0827864 0.000648002 0.0034268 0.00399342 1.89653e-009
0.927 -0.00409144 -0.0824619 0.0006751 0.00339998 0.0039935 1.90165e-009
0.928 -0.00417373 -0.0821305 0.000702647 0.00337271 0.00399359 1.9068e-009
0.929 -0.0042557 -0.0817924 0.000730635 0.003345 0.00399368 1.91198e-009
0.93 -0.00433732 -0.0814476 0.000759053 0.00331685 0.00399377 1.91717e-009
0.931 -0.00441859 -0.081096 0.000787894 0.00328828 0.00399386 1.92238e-009
0.932 -0.0044995 -0.0807378 0.000817148 0.0032593 0.00399395 1.92762e-009
0.933 -0.00458006 -0.080373 0.000846805 0.00322991 0.00399403 1.93287e-009
0.934 -0.00466025 -0.0800015 0.000876857 0.00320012 0.00399412 1.93815e-009
0.935 -0.00474006 -0.0796234 0.000907294 0.00316994 0.00399421 1.94344e-009
0.936 -0.00481949 -0.0792388 0.000938106 0.00313939 0.0039943 1.94875e-009
0.937 -0.00489853 -0.0788476 0.000969283 0.00310847 0.00399439 1.95408e-009
0.938 -0.00497718 -0.0784499 0.00100082 0.0030772 0.00399448 1.95943e-009
0.939 -0.00505543 -0.0780458 0.00103269 0.00304557 0.00399457 1.9648e-009
0.94 -0.00513327 -0.0776351 0.00106491 0.00301361 0.00399466 1.97019e-009
0.941 -0.0052107 -0.0772181 0.00109744 0.00298132 0.00399475 1.97559e-009
0.942 -0.0052877 -0.0767947 0.00113029 0.00294871 0.00399484 1.98101e-009
0.943 -0.00536428 -0.0763649 0.00116345 0.0029158 0.00399493 1.98644e-009
0.944 -0.00544043 -0.0759288 0.0011969 0.00288259 0.00399501 1.99189e-009
0.945 -0.00551614 -0.0754864 0.00123063 0.0028491 0.0039951 1.99735e-009
0.946 -0.0055914 -0.0750377 0.00126463 0.00281533 0.00399519 2.00283e-009
0.947 -0.00566621 -0.0745829 0.00129889 0.0027813 0.00399528 2.00832e-009
0.948 -0.00574056 -0.0741218 0.0013334 0.00274702 0.00399537 2.01383e-009
0.949 -0.00581445 -0.0736546 0.00136815 0.0027125 0.00399546 2.01934e-009
0.95 -0.00588787 -0.0731812 0.00140312 0.00267775 0.00399555 2.02487e-009
0.951 -0.00596081 -0.0727018 0.00143831 0.00264277 0.00399564 2.03042e-009
0.952 -0.00603327 -0.0722163 0.00147371 0.0026076 0.00399573 2.03597e-009
0.953 -0.00610524 -0.0717248 0.00150929 0.00257223 0.00399582 2.04153e-009
0.954 -0.00617672 -0.0712274 0.00154506 0.00253667 0.00399591 2.04711e-009
0.955 -0.00624769 -0.070724 0.001581 0.00250094 0.003996 2.05269e-009
0.956 -0.00631816 -0.0702147 0.00161709 0.00246505 0.00399609 2.05828e-009
0.957 -0.00638812 -0.0696996 0.00165333 0.00242902 0.00399618 2.06389e-009
0.958 -0.00645756 -0.0691787 0.00168971 0.00239284 0.00399627 2.0695e-009
0.959 -0.00652647 -0.0686519 0.0017262 0.00235654 0.00399636 2.07511e-009
0.96 -0.00659486 -0.0681195 0.00176281 0.00232013 0.00399645 2.08074e-009
0.961 -0.00666271 -0.0675814 0.00179951 0.00228362 0.00399654 2.08637e-009
0.962 -0.00673002 -0.0670376 0.0018363 0.00224702 0.00399663 2.09201e-009
0.963 -0.00679678 -0.0664882 0.00187317 0.00221034 0.00399672 2.09765e-009
0.964 -0.00686299 -0.0659332 0.0019101 0.0021736 0.00399681 2.1033e-009
0.965 -0.00692865 -0.0653728 0.00194707 0.0021368 0.0039969 2.10895e-009
0.966 -0.00699374 -0.0648068 0.00198408 0.00209996 0.00399699 2.11461e-009
0.967 -0.00705826 -0.0642355 0.00202112 0.0020631 0.00399708 2.12027e-009
0.968 -0.0071222 -0.0636587 0.00205818 0.00202622 0.00399717 2.12593e-009
0.969 -0.00718557 -0.0630766 0.00209523 0.00198933 0.00399726 2.13159e-009
0.97 -0.00724835 -0.0624893 0.00213227 0.00195245 0.00399735 2.13726e-009
0.971 -0.00731055 -0.0618966 0.00216929 0.0019156 0.00399744 2.14293e-009
0.972 -0.00737214 -0.0612988 0.00220627 0.00187877 0.00399753 2.1486e-009
0.973 -0.00743314 -0.0606959 0.00224321 0.00184199 0.00399762 2.15426e-009
0.974 -0.00749353 -0.0600878 0.00228008 0.00180527 0.00399771 2.15993e-009
0.975 -0.00755332 -0.0594747 0.00231688 0.00176862 0.0039978 2.1656e-009
0.976 -0.00761248 -0.0588566 0.0023536 0.00173205 0.00399789 2.17126e-009
0.977 -0.00767103 -0.0582335 0.00239022 0.00169557 0.00399798 2.17693e-009
0.978 -0.00772895 -0.0576055 0.00242674 0.0016592 0.00399807 2.18259e-009
0.979 -0.00778623 -0.0569727 0.00246313 0.00162294 0.00399816 2.18825e-009
0.98 -0.00784289 -0.0563351 0.00249939 0.00158682 0.00399825 2.1939e-009
0.981 -0.0078989 -0.0556927 0.0025355 0.00155084 0.00399834 2.19955e-009
0.982 -0.00795427 -0.0550456 0.00257146 0.00151501 0.00399843 2.2052e-009
0.983 -0.00800899 -0.0543939 0.00260724 0.00147935 0.00399852 2.21084e-009
0.984 -0.00806306 -0.0537376 0.00264285 0.00144386 0.00399861 2.21648e-009
0.985 -0.00811646 -0.0530767 0.00267826 0.00140857 0.0039987 2.22211e-009
0.986 -0.00816921 -0.0524114 0.00271347 0.00137348 0.00399879 2.22773e-009
0.987 -0.00822128 -0.0517417 0.00274846 0.0013386 0.00399888 2.23334e-009
0.988 -0.00827269 -0.0510675 0.00278323 0.00130395 0.00399897 2.23895e-009
0.989 -0.00832342 -0.0503891 0.00281775 0.00126953 0.00399906 2.24455e-009
0.99 -0.00837347 -0.0497063 0.00285203 0.00123536 0.00399915 2.25015e-009
0.991 -0.00842283 -0.0490194 0.00288604 0.00120145 0.00399924 2.25573e-009
0.992 -0.0084715 -0.0483283 0.00291978 0.00116781 0.00399933 2.2613e-009
0.993 -0.00851948 -0.0476332 0.00295323 0.00113446 0.00399941 2.26687e-009
0.994 -0.00856677 -0.046934 0.00298638 0.0011014 0.0039995 2.27242e-009
0.995 -0.00861335 -0.0462308 0.00301923 0.00106864 0.00399959 2.27796e-009
0.996 -0.00865923 -0.0455237 0.00305176 0.0010362 0.00399968 2.2835e-009
0.997 -0.00870439 -0.0448127 0.00308396 0.00100409 0.00399977 2.28902e-009
0.998 -0.00874885 -0.0440979 0.00311582 0.000972312 0.00399986 2.29453e-009
0.999 -0.00879259 -0.0433794 0.00314733 0.000940885 0.00399995 2.30002e-009
