0 0.01 0 0.00392093 0 0.00392093 0
0.001 0.00999922 -0.000388185 0.00392032 7.53437e-008 0.00392066 3.47666e-014
0.002 0.00999767 -0.00116452 0.00391912 6.78059e-007 0.00392037 1.34346e-013
0.003 0.00999534 -0.00194078 0.00391731 1.88331e-006 0.00392008 2.96467e-013
0.004 0.00999224 -0.00271688 0.0039149 3.69073e-006 0.00391978 5.19994e-013
0.005 0.00998836 -0.00349279 0.00391189 6.09977e-006 0.00391948 8.04221e-013
0.006 0.0099837 -0.00426842 0.00390828 9.10972e-006 0.00391918 1.14859e-012
0.007 0.00997827 -0.00504374 0.00390407 1.27197e-005 0.00391888 1.55259e-012
0.008 0.00997206 -0.00581868 0.00389927 1.69285e-005 0.00391859 2.01568e-012
0.009 0.00996508 -0.00659318 0.00389386 2.1735e-005 0.00391829 2.53731e-012
0.01 0.00995733 -0.00736718 0.00388787 2.71377e-005 0.00391799 3.11687e-012
0.011 0.0099488 -0.00814063 0.00388128 3.31349e-005 0.00391769 3.75369e-012
0.012 0.0099395 -0.00891346 0.00387409 3.97249e-005 0.00391739 4.44708e-012
0.013 0.00992943 -0.00968562 0.00386632 4.69057e-005 0.0039171 5.19627e-012
0.014 0.00991859 -0.0104571 0.00385797 5.4675e-005 0.0039168 6.00042e-012
0.015 0.00990697 -0.0112277 0.00384903 6.30306e-005 0.0039165 6.85867e-012
0.016 0.00989459 -0.0119975 0.00383951 7.197e-005 0.00391621 7.77008e-012
0.017 0.00988144 -0.0127664 0.00382941 8.14904e-005 0.00391591 8.73366e-012
0.018 0.00986752 -0.0135343 0.00381874 9.1589e-005 0.00391562 9.74836e-012
0.019 0.00985284 -0.0143012 0.00380749 0.000102263 0.00391532 1.08131e-011
0.02 0.00983739 -0.0150671 0.00379568 0.000113508 0.00391503 1.19267e-011
0.021 0.00982118 -0.0158318 0.0037833 0.000125323 0.00391474 1.30879e-011
0.022 0.0098042 -0.0165953 0.00377036 0.000137702 0.00391445 1.42956e-011
0.023 0.00978646 -0.0173575 0.00375686 0.000150642 0.00391416 1.55484e-011
0.024 0.00976796 -0.0181185 0.00374281 0.00016414 0.00391387 1.6845e-011
0.025 0.0097487 -0.0188781 0.00372821 0.000178191 0.00391358 1.81839e-011
0.026 0.00972869 -0.0196362 0.00371306 0.000192791 0.0039133 1.95637e-011
0.027 0.00970792 -0.0203929 0.00369738 0.000207935 0.00391301 2.0983e-011
0.028 0.00968639 -0.021148 0.00368116 0.00022362 0.00391273 2.24402e-011
0.029 0.00966412 -0.0219016 0.00366441 0.000239839 0.00391245 2.39337e-011
0.03 0.00964109 -0.0226535 0.00364713 0.00025659 0.00391216 2.5462e-011
0.031 0.00961731 -0.0234036 0.00362933 0.000273865 0.00391188 2.70234e-011
0.032 0.00959278 -0.0241521 0.00361102 0.000291661 0.00391161 2.86162e-011
0.033 0.00956751 -0.0248986 0.0035922 0.000309971 0.00391133 3.02387e-011
0.034 0.0095415 -0.0256434 0.00357288 0.000328791 0.00391105 3.18893e-011
0.035 0.00951474 -0.0263861 0.00355306 0.000348114 0.00391078 3.3566e-011
0.036 0.00948724 -0.0271269 0.00353275 0.000367934 0.00391051 3.52673e-011
0.037 0.00945901 -0.0278656 0.00351195 0.000388247 0.00391023 3.69911e-011
0.038 0.00943004 -0.0286023 0.00349067 0.000409045 0.00390996 3.87357e-011
0.039 0.00940033 -0.0293367 0.00346892 0.000430322 0.0039097 4.04993e-011
0.04 0.0093699 -0.030069 0.0034467 0.000452072 0.00390943 4.228e-011
0.041 0.00933874 -0.030799 0.00342403 0.000474288 0.00390917 4.40758e-011
0.042 0.00930685 -0.0315266 0.0034009 0.000496963 0.0039089 4.58849e-011
0.043 0.00927423 -0.0322519 0.00337733 0.000520091 0.00390864 4.77054e-011
0.044 0.0092409 -0.0329747 0.00335331 0.000543665 0.00390838 4.95353e-011
0.045 0.00920684 -0.033695 0.00332887 0.000567677 0.00390812 5.13728e-011
0.046 0.00917207 -0.0344128 0.003304 0.00059212 0.00390787 5.32158e-011
0.047 0.00913659 -0.035128 0.00327872 0.000616987 0.00390762 5.50625e-011
0.048 0.00910039 -0.0358405 0.00325303 0.00064227 0.00390736 5.6911e-011
0.049 0.00906349 -0.0365503 0.00322693 0.000667962 0.00390712 5.87592e-011
0.05 0.00902588 -0.0372573 0.00320045 0.000694054 0.00390687 6.06054e-011
0.051 0.00898756 -0.0379615 0.00317358 0.000720539 0.00390662 6.24475e-011
0.052 0.00894855 -0.0386629 0.00314633 0.000747409 0.00390638 6.42837e-011
0.053 0.00890884 -0.0393613 0.00311872 0.000774656 0.00390614 6.6112e-011
0.054 0.00886844 -0.0400567 0.00309074 0.00080227 0.0039059 6.79306e-011
0.055 0.00882734 -0.0407491 0.00306241 0.000830245 0.00390566 6.97377e-011
0.056 0.00878556 -0.0414384 0.00303374 0.000858571 0.00390543 7.15313e-011
0.057 0.00874309 -0.0421246 0.00300474 0.000887239 0.0039052 7.33097e-011
0.058 0.00869994 -0.0428075 0.00297541 0.000916242 0.00390497 7.50711e-011
0.059 0.00865612 -0.0434872 0.00294577 0.00094557 0.00390474 7.68137e-011
0.06 0.00861162 -0.0441636 0.00291582 0.000975214 0.00390452 7.85357e-011
0.061 0.00856645 -0.0448367 0.00288557 0.00100516 0.00390429 8.02354e-011
0.062 0.0085206 -0.0455064 0.00285503 0.00103541 0.00390407 8.19112e-011
0.063 0.0084741 -0.0461725 0.00282421 0.00106595 0.00390386 8.35614e-011
0.064 0.00842693 -0.0468352 0.00279312 0.00109677 0.00390364 8.51844e-011
0.065 0.00837911 -0.0474944 0.00276177 0.00112786 0.00390343 8.67786e-011
0.066 0.00833063 -0.0481499 0.00273017 0.00115921 0.00390322 8.83425e-011
0.067 0.00828151 -0.0488017 0.00269833 0.0011908 0.00390301 8.98746e-011
0.068 0.00823173 -0.0494499 0.00266626 0.00122264 0.00390281 9.13735e-011
0.069 0.00818132 -0.0500942 0.00263397 0.00125472 0.00390261 9.28377e-011
0.07 0.00813027 -0.0507348 0.00260146 0.00128701 0.00390241 9.42659e-011
0.071 0.00807858 -0.0513715 0.00256875 0.00131952 0.00390221 9.56568e-011
0.072 0.00802626 -0.0520043 0.00253585 0.00135222 0.00390202 9.70091e-011
0.073 0.00797331 -0.0526331 0.00250277 0.00138512 0.00390183 9.83218e-011
0.074 0.00791974 -0.0532579 0.00246952 0.0014182 0.00390164 9.95935e-011
0.075 0.00786555 -0.0538787 0.0024361 0.00145146 0.00390145 1.00823e-010
0.076 0.00781075 -0.0544953 0.00240254 0.00148487 0.00390127 1.0201e-010
0.077 0.00775534 -0.0551078 0.00236883 0.00151844 0.00390109 1.03153e-010
0.078 0.00769932 -0.0557161 0.00233499 0.00155214 0.00390091 1.04251e-010
0.079 0.0076427 -0.0563201 0.00230104 0.00158598 0.00390074 1.05303e-010
0.08 0.00758548 -0.0569198 0.00226697 0.00161993 0.00390057 1.06309e-010
0.081 0.00752767 -0.0575152 0.0022328 0.001654 0.0039004 1.07267e-010
0.082 0.00746927 -0.0581062 0.00219855 0.00168817 0.00390024 1.08178e-010
0.083 0.00741028 -0.0586927 0.00216422 0.00172242 0.00390007 1.0904e-010
0.084 0.00735072 -0.0592748 0.00212982 0.00175675 0.00389992 1.09854e-010
0.085 0.00729058 -0.0598523 0.00209536 0.00179115 0.00389976 1.10618e-010
0.086 0.00722987 -0.0604252 0.00206086 0.0018256 0.00389961 1.11332e-010
0.087 0.00716859 -0.0609935 0.00202632 0.00186011 0.00389946 1.11996e-010
0.088 0.00710675 -0.0615572 0.00199176 0.00189464 0.00389931 1.1261e-010
0.089 0.00704436 -0.0621161 0.00195718 0.00192921 0.00389917 1.13174e-010
0.09 0.00698141 -0.0626703 0.0019226 0.00196378 0.00389903 1.13687e-010
0.091 0.00691792 -0.0632196 0.00188803 0.00199836 0.00389889 1.14149e-010
0.092 0.00685388 -0.0637641 0.00185348 0.00203293 0.00389876 1.14561e-010
0.093 0.00678931 -0.0643037 0.00181895 0.00206749 0.00389862 1.14923e-010
0.094 0.00672421 -0.0648384 0.00178446 0.00210201 0.0038985 1.15234e-010
0.095 0.00665857 -0.0653681 0.00175003 0.0021365 0.00389837 1.15496e-010
0.096 0.00659242 -0.0658928 0.00171566 0.00217093 0.00389825 1.15708e-010
0.097 0.00652575 -0.0664124 0.00168135 0.0022053 0.00389813 1.15871e-010
0.098 0.00645857 -0.0669269 0.00164713 0.00223961 0.00389802 1.15986e-010
0.099 0.00639088 -0.0674363 0.00161301 0.00227382 0.0038979 1.16053e-010
0.1 0.00632269 -0.0679404 0.00157898 0.00230795 0.0038978 1.16072e-010
0.101 0.006254 -0.0684394 0.00154507 0.00234197 0.00389769 1.16045e-010
0.102 0.00618482 -0.068933 0.00151129 0.00237588 0.00389759 1.15972e-010
0.103 0.00611516 -0.0694214 0.00147764 0.00240967 0.00389749 1.15854e-010
0.104 0.00604501 -0.0699044 0.00144414 0.00244331 0.00389739 1.15692e-010
0.105 0.00597439 -0.070382 0.00141079 0.00247681 0.0038973 1.15487e-010
0.106 0.0059033 -0.0708542 0.00137761 0.00251016 0.00389721 1.1524e-010
0.107 0.00583175 -0.0713209 0.00134461 0.00254334 0.00389713 1.14953e-010
0.108 0.00575974 -0.0717821 0.0013118 0.00257634 0.00389704 1.14626e-010
0.109 0.00568727 -0.0722378 0.00127918 0.00260915 0.00389697 1.14261e-010
0.11 0.00561436 -0.0726879 0.00124678 0.00264177 0.00389689 1.13859e-010
0.111 0.00554101 -0.0731324 0.00121459 0.00267417 0.00389682 1.13422e-010
0.112 0.00546722 -0.0735712 0.00118263 0.00270636 0.00389675 1.12951e-010
0.113 0.005393 -0.0740043 0.00115091 0.00273832 0.00389668 1.12448e-010
0.114 0.00531836 -0.0744317 0.00111944 0.00277004 0.00389662 1.11914e-010
0.115 0.00524329 -0.0748533 0.00108822 0.00280151 0.00389656 1.11351e-010
0.116 0.00516782 -0.0752692 0.00105728 0.00283272 0.0038965 1.1076e-010
0.117 0.00509194 -0.0756791 0.00102661 0.00286367 0.00389645 1.10144e-010
0.118 0.00501565 -0.0760833 0.000996235 0.00289433 0.0038964 1.09505e-010
0.119 0.00493897 -0.0764815 0.000966155 0.00292471 0.00389636 1.08844e-010
0.12 0.0048619 -0.0768738 0.000936382 0.00295479 0.00389631 1.08163e-010
0.121 0.00478445 -0.0772601 0.000906926 0.00298456 0.00389627 1.07464e-010
0.122 0.00470662 -0.0776404 0.000877797 0.00301402 0.00389624 1.06749e-010
0.123 0.00462842 -0.0780147 0.000849003 0.00304315 0.0038962 1.06021e-010
0.124 0.00454986 -0.0783829 0.000820553 0.00307194 0.00389617 1.05281e-010
0.125 0.00447093 -0.078745 0.000792457 0.00310039 0.00389615 1.04532e-010
0.126 0.00439166 -0.079101 0.000764724 0.00312848 0.00389612 1.03776e-010
0.127 0.00431203 -0.0794508 0.000737363 0.00315622 0.0038961 1.03015e-010
0.128 0.00423207 -0.0797944 0.000710382 0.00318358 0.00389609 1.02252e-010
0.129 0.00415177 -0.0801319 0.000683789 0.00321056 0.00389607 1.01488e-010
0.13 0.00407114 -0.080463 0.000657595 0.00323715 0.00389606 1.00727e-010
0.131 0.00399019 -0.0807879 0.000631806 0.00326334 0.00389606 9.997e-011
0.132 0.00390893 -0.0811065 0.000606432 0.00328913 0.00389605 9.92202e-011
0.133 0.00382735 -0.0814187 0.00058148 0.0033145 0.00389605 9.84798e-011
0.134 0.00374548 -0.0817246 0.000556959 0.00333946 0.00389606 9.77513e-011
0.135 0.00366331 -0.0820241 0.000532876 0.00336398 0.00389606 9.70371e-011
0.136 0.00358084 -0.0823172 0.00050924 0.00338806 0.00389607 9.63398e-011
0.137 0.0034981 -0.0826038 0.000486057 0.00341169 0.00389608 9.56619e-011
0.138 0.00341508 -0.082884 0.000463336 0.00343488 0.0038961 9.50058e-011
0.139 0.00333178 -0.0831576 0.000441084 0.0034576 0.00389612 9.43742e-011
0.14 0.00324823 -0.0834248 0.000419308 0.00347985 0.00389614 9.37695e-011
0.141 0.00316441 -0.0836854 0.000398015 0.00350162 0.00389616 9.31943e-011
0.142 0.00308035 -0.0839395 0.000377212 0.00352292 0.00389619 9.26511e-011
0.143 0.00299604 -0.0841869 0.000356906 0.00354372 0.00389622 9.21424e-011
0.144 0.00291149 -0.0844278 0.000337104 0.00356403 0.00389626 9.16707e-011
0.145 0.00282671 -0.084662 0.000317812 0.00358383 0.00389629 9.12386e-011
0.146 0.00274171 -0.0848896 0.000299036 0.00360312 0.00389633 9.08486e-011
0.147 0.00265649 -0.0851104 0.000280783 0.00362189 0.00389637 9.05032e-011
0.148 0.00257106 -0.0853246 0.000263059 0.00364015 0.00389642 9.02047e-011
0.149 0.00248543 -0.0855321 0.00024587 0.00365787 0.00389647 8.99557e-011
0.15 0.0023996 -0.0857328 0.000229221 0.00367506 0.00389652 8.97586e-011
0.151 0.00231358 -0.0859268 0.000213117 0.00369171 0.00389658 8.96158e-011
0.152 0.00222737 -0.086114 0.000197565 0.00370781 0.00389663 8.95297e-011
0.153 0.00214099 -0.0862944 0.00018257 0.00372336 0.00389669 8.95026e-011
0.154 0.00205443 -0.086468 0.000168136 0.00373836 0.00389676 8.95368e-011
0.155 0.00196772 -0.0866348 0.000154268 0.00375279 0.00389682 8.96346e-011
0.156 0.00188084 -0.0867947 0.000140972 0.00376666 0.00389689 8.97982e-011
0.157 0.00179382 -0.0869477 0.000128251 0.00377995 0.00389696 9.00298e-011
0.158 0.00170666 -0.0870939 0.00011611 0.00379268 0.00389704 9.03315e-011
0.159 0.00161936 -0.0872332 0.000104553 0.00380482 0.00389711 9.07055e-011
0.16 0.00153193 -0.0873656 9.35847e-005 0.00381637 0.00389719 9.11538e-011
0.161 0.00144437 -0.087491 8.32079e-005 0.00382734 0.00389728 9.16784e-011
0.162 0.00135671 -0.0876096 7.34266e-005 0.00383772 0.00389736 9.22813e-011
0.163 0.00126893 -0.0877211 6.42443e-005 0.0038475 0.00389745 9.29642e-011
0.164 0.00118106 -0.0878257 5.5664e-005 0.00385668 0.00389754 9.37292e-011
0.165 0.00109308 -0.0879234 4.7689e-005 0.00386526 0.00389763 9.45778e-011
0.166 0.00100503 -0.088014 4.0322e-005 0.00387324 0.00389773 9.55119e-011
0.167 0.000916889 -0.0880977 3.35658e-005 0.0038806 0.00389783 9.6533e-011
0.168 0.000828678 -0.0881744 2.74228e-005 0.00388736 0.00389793 9.76428e-011
0.169 0.000740401 -0.088244 2.18953e-005 0.0038935 0.00389803 9.88427e-011
0.17 0.000652065 -0.0883066 1.69854e-005 0.00389903 0.00389813 1.00134e-010
0.171 0.000563677 -0.0883622 1.26949e-005 0.00390394 0.00389824 1.01518e-010
0.172 0.000475244 -0.0884107 9.02567e-006 0.00390823 0.00389835 1.02997e-010
0.173 0.000386772 -0.0884522 5.97909e-006 0.0039119 0.00389846 1.04571e-010
0.174 0.00029827 -0.0884867 3.55648e-006 0.00391494 0.00389858 1.06241e-010
0.175 0.000209744 -0.088514 1.75897e-006 0.00391737 0.0038987 1.08009e-010
0.176 0.000121202 -0.0885343 5.8745e-007 0.00391916 0.00389881 1.09876e-010
0.177 3.26491e-005 -0.0885476 4.26358e-008 0.00392034 0.00389894 1.11842e-010
0.178 -5.59059e-005 -0.0885537 1.25033e-007 0.00392088 0.00389906 1.13908e-010
0.179 -0.000144456 -0.0885528 8.34948e-007 0.0039208 0.00389918 1.16075e-010
0.18 -0.000232995 -0.0885448 2.17249e-006 0.00392009 0.00389931 1.18343e-010
0.181 -0.000321516 -0.0885297 4.13756e-006 0.00391875 0.00389944 1.20714e-010
0.182 -0.00041001 -0.0885075 6.72986e-006 0.00391679 0.00389957 1.23187e-010
0.183 -0.000498472 -0.0884782 9.94889e-006 0.00391419 0.00389971 1.25762e-010
0.184 -0.000586894 -0.0884418 1.3794e-005 0.00391097 0.00389984 1.28441e-010
0.185 -0.000675269 -0.0883983 1.82642e-005 0.00390713 0.00389998 1.31223e-010
0.186 -0.000763589 -0.0883477 2.33584e-005 0.00390266 0.00390012 1.34109e-010
0.187 -0.000851849 -0.08829 2.90754e-005 0.00389757 0.00390026 1.37097e-010
0.188 -0.00094004 -0.0882253 3.54135e-005 0.00389185 0.0039004 1.40189e-010
0.189 -0.00102816 -0.0881534 4.23712e-005 0.00388551 0.00390055 1.43383e-010
0.19 -0.00111619 -0.0880744 4.99465e-005 0.00387855 0.00390069 1.46681e-010
0.191 -0.00120413 -0.0879884 5.81373e-005 0.00387098 0.00390084 1.5008e-010
0.192 -0.00129198 -0.0878952 6.69412e-005 0.00386279 0.00390099 1.53582e-010
0.193 -0.00137972 -0.087795 7.63558e-005 0.00385398 0.00390114 1.57184e-010
0.194 -0.00146735 -0.0876877 8.63784e-005 0.00384457 0.0039013 1.60887e-010
0.195 -0.00155487 -0.0875734 9.7006e-005 0.00383455 0.00390145 1.64689e-010
0.196 -0.00164226 -0.0874519 0.000108236 0.00382392 0.00390161 1.6859e-010
0.197 -0.00172952 -0.0873234 0.000120064 0.00381269 0.00390176 1.7259e-010
0.198 -0.00181663 -0.0871879 0.000132487 0.00380086 0.00390192 1.76685e-010
0.199 -0.00190361 -0.0870453 0.000145502 0.00378844 0.00390208 1.80877e-010
0.2 -0.00199043 -0.0868956 0.000159104 0.00377542 0.00390224 1.85163e-010
0.201 -0.00207708 -0.0867389 0.00017329 0.00376182 0.00390241 1.89541e-010
0.202 -0.00216358 -0.0865752 0.000188055 0.00374764 0.00390257 1.94012e-010
0.203 -0.00224989 -0.0864045 0.000203394 0.00373287 0.00390273 1.98572e-010
0.204 -0.00233603 -0.0862268 0.000219304 0.00371753 0.0039029 2.03221e-010
0.205 -0.00242198 -0.0860421 0.000235779 0.00370162 0.00390307 2.07957e-010
0.206 -0.00250773 -0.0858504 0.000252814 0.00368515 0.00390324 2.12778e-010
0.207 -0.00259328 -0.0856518 0.000270404 0.00366811 0.00390341 2.17681e-010
0.208 -0.00267862 -0.0854462 0.000288543 0.00365052 0.00390358 2.22666e-010
0.209 -0.00276375 -0.0852336 0.000307227 0.00363239 0.00390375 2.2773e-010
0.21 -0.00284865 -0.0850141 0.000326448 0.0036137 0.00390392 2.32872e-010
0.211 -0.00293332 -0.0847877 0.000346202 0.00359448 0.00390409 2.38088e-010
0.212 -0.00301776 -0.0845545 0.000366481 0.00357473 0.00390427 2.43376e-010
0.213 -0.00310195 -0.0843143 0.000387281 0.00355445 0.00390444 2.48735e-010
0.214 -0.00318589 -0.0840672 0.000408594 0.00353365 0.00390462 2.54162e-010
0.215 -0.00326958 -0.0838133 0.000430413 0.00351234 0.0039048 2.59654e-010
0.216 -0.003353 -0.0835526 0.000452732 0.00349052 0.00390497 2.65209e-010
0.217 -0.00343615 -0.083285 0.000475544 0.0034682 0.00390515 2.70824e-010
0.218 -0.00351902 -0.0830107 0.000498841 0.00344539 0.00390533 2.76497e-010
0.219 -0.00360161 -0.0827296 0.000522617 0.00342209 0.00390551 2.82224e-010
0.22 -0.0036839 -0.0824417 0.000546863 0.00339832 0.00390569 2.88004e-010
0.221 -0.0037659 -0.0821471 0.000571572 0.00337407 0.00390587 2.93833e-010
0.222 -0.0038476 -0.0818457 0.000596737 0.00334936 0.00390605 2.99708e-010
0.223 -0.00392898 -0.0815377 0.000622349 0.0033242 0.00390623 3.05626e-010
0.224 -0.00401004 -0.081223 0.0006484 0.00329859 0.00390641 3.11585e-010
0.225 -0.00409078 -0.0809016 0.000674882 0.00327254 0.00390659 3.17581e-010
0.226 -0.00417119 -0.0805736 0.000701787 0.00324605 0.00390677 3.23611e-010
0.227 -0.00425126 -0.080239 0.000729105 0.00321915 0.00390696 3.29673e-010
0.228 -0.00433098 -0.0798978 0.000756829 0.00319183 0.00390714 3.35762e-010
0.229 -0.00441036 -0.0795501 0.000784949 0.00316411 0.00390732 3.41876e-010
0.23 -0.00448938 -0.0791958 0.000813457 0.00313599 0.0039075 3.48011e-010
0.231 -0.00456803 -0.078835 0.000842342 0.00310748 0.00390769 3.54165e-010
0.232 -0.00464631 -0.0784678 0.000871597 0.0030786 0.00390787 3.60334e-010
0.233 -0.00472422 -0.0780941 0.000901211 0.00304934 0.00390805 3.66515e-010
0.234 -0.00480174 -0.077714 0.000931175 0.00301973 0.00390823 3.72704e-010
0.235 -0.00487887 -0.0773274 0.00096148 0.00298977 0.00390841 3.78898e-010
0.236 -0.00495561 -0.0769345 0.000992115 0.00295946 0.0039086 3.85093e-010
0.237 -0.00503194 -0.0765353 0.00102307 0.00292883 0.00390878 3.91287e-010
0.238 -0.00510787 -0.0761298 0.00105434 0.00289787 0.00390896 3.97477e-010
0.239 -0.00518338 -0.075718 0.00108591 0.00286661 0.00390914 4.03658e-010
0.24 -0.00525847 -0.0752999 0.00111776 0.00283504 0.00390932 4.09827e-010
0.241 -0.00533313 -0.0748756 0.0011499 0.00280318 0.0039095 4.15981e-010
0.242 -0.00540736 -0.0744452 0.00118231 0.00277104 0.00390968 4.22117e-010
0.243 -0.00548115 -0.0740086 0.00121498 0.00273864 0.00390986 4.28231e-010
0.244 -0.00555449 -0.0735659 0.00124789 0.00270597 0.00391004 4.3432e-010
0.245 -0.00562738 -0.0731171 0.00128105 0.00267305 0.00391022 4.40381e-010
0.246 -0.00569981 -0.0726622 0.00131443 0.0026399 0.0039104 4.4641e-010
0.247 -0.00577178 -0.0722014 0.00134803 0.00260652 0.00391058 4.52405e-010
0.248 -0.00584328 -0.0717346 0.00138183 0.00257292 0.00391076 4.58362e-010
0.249 -0.00591431 -0.0712618 0.00141583 0.00253912 0.00391093 4.64277e-010
0.25 -0.00598485 -0.0707831 0.00145001 0.00250512 0.00391111 4.70148e-010
0.251 -0.00605491 -0.0702986 0.00148436 0.00247094 0.00391129 4.75971e-010
0.252 -0.00612447 -0.0698082 0.00151887 0.00243659 0.00391146 4.81744e-010
0.253 -0.00619353 -0.069312 0.00155354 0.00240208 0.00391163 4.87464e-010
0.254 -0.00626209 -0.0688101 0.00158834 0.00236742 0.00391181 4.93126e-010
0.255 -0.00633013 -0.0683025 0.00162327 0.00233262 0.00391198 4.9873e-010
0.256 -0.00639767 -0.0677892 0.00165831 0.00229769 0.00391215 5.0427e-010
0.257 -0.00646467 -0.0672703 0.00169346 0.00226264 0.00391232 5.09746e-010
0.258 -0.00653116 -0.0667458 0.0017287 0.0022275 0.00391249 5.15153e-010
0.259 -0.00659711 -0.0662157 0.00176402 0.00219226 0.00391266 5.2049e-010
0.26 -0.00666252 -0.0656801 0.00179941 0.00215694 0.00391283 5.25753e-010
0.261 -0.00672738 -0.0651391 0.00183486 0.00212155 0.00391299 5.3094e-010
0.262 -0.0067917 -0.0645926 0.00187035 0.0020861 0.00391316 5.36049e-010
0.263 -0.00685547 -0.0640408 0.00190588 0.00205061 0.00391332 5.41076e-010
0.264 -0.00691867 -0.0634836 0.00194143 0.00201508 0.00391348 5.46021e-010
0.265 -0.00698131 -0.0629211 0.00197699 0.00197953 0.00391365 5.50879e-010
0.266 -0.00704338 -0.0623534 0.00201255 0.00194397 0.00391381 5.5565e-010
0.267 -0.00710487 -0.0617805 0.0020481 0.00190841 0.00391397 5.6033e-010
0.268 -0.00716578 -0.0612024 0.00208362 0.00187287 0.00391412 5.64918e-010
0.269 -0.00722611 -0.0606192 0.00211911 0.00183734 0.00391428 5.69412e-010
0.27 -0.00728584 -0.060031 0.00215455 0.00180186 0.00391444 5.7381e-010
0.271 -0.00734498 -0.0594377 0.00218992 0.00176642 0.00391459 5.7811e-010
0.272 -0.00740352 -0.0588395 0.00222523 0.00173104 0.00391474 5.82311e-010
0.273 -0.00746146 -0.0582363 0.00226046 0.00169574 0.00391489 5.8641e-010
0.274 -0.00751878 -0.0576283 0.00229559 0.00166051 0.00391504 5.90406e-010
0.275 -0.00757549 -0.0570155 0.00233061 0.00162538 0.00391519 5.94298e-010
0.276 -0.00763157 -0.0563979 0.00236551 0.00159036 0.00391534 5.98084e-010
0.277 -0.00768704 -0.0557756 0.00240029 0.00155546 0.00391548 6.01763e-010
0.278 -0.00774187 -0.0551486 0.00243492 0.00152068 0.00391563 6.05334e-010
0.279 -0.00779607 -0.054517 0.0024694 0.00148605 0.00391577 6.08796e-010
0.28 -0.00784963 -0.0538808 0.00250372 0.00145157 0.00391591 6.12147e-010
0.281 -0.00790255 -0.0532401 0.00253786 0.00141725 0.00391605 6.15388e-010
0.282 -0.00795482 -0.0525949 0.00257181 0.00138311 0.00391619 6.18516e-010
0.283 -0.00800644 -0.0519454 0.00260557 0.00134916 0.00391632 6.21532e-010
0.284 -0.00805741 -0.0512914 0.00263912 0.00131541 0.00391646 6.24435e-010
0.285 -0.00810771 -0.0506332 0.00267244 0.00128186 0.00391659 6.27224e-010
0.286 -0.00815735 -0.0499707 0.00270553 0.00124854 0.00391672 6.29899e-010
0.287 -0.00820632 -0.049304 0.00273838 0.00121544 0.00391685 6.3246e-010
0.288 -0.00825461 -0.0486332 0.00277098 0.00118259 0.00391698 6.34906e-010
0.289 -0.00830223 -0.0479583 0.00280331 0.00115 0.0039171 6.37237e-010
0.29 -0.00834917 -0.0472794 0.00283536 0.00111767 0.00391723 6.39454e-010
0.291 -0.00839543 -0.0465965 0.00286713 0.00108562 0.00391735 6.41556e-010
0.292 -0.00844099 -0.0459096 0.0028986 0.00105385 0.00391747 6.43544e-010
0.293 -0.00848586 -0.0452189 0.00292977 0.00102238 0.00391758 6.45417e-010
0.294 -0.00853004 -0.0445245 0.00296061 0.000991213 0.0039177 6.47178e-010
0.295 -0.00857352 -0.0438262 0.00299113 0.000960368 0.00391781 6.48824e-010
0.296 -0.00861629 -0.0431243 0.00302131 0.000929852 0.00391793 6.50359e-010
0.297 -0.00865835 -0.0424187 0.00305114 0.000899674 0.00391804 6.51781e-010
0.298 -0.00869971 -0.0417096 0.00308061 0.000869845 0.00391815 6.53093e-010
0.299 -0.00874035 -0.0409969 0.00310971 0.000840375 0.00391825 6.54294e-010
0.3 -0.00878027 -0.0402808 0.00313844 0.000811273 0.00391836 6.55386e-010
0.301 -0.00881947 -0.0395613 0.00316677 0.00078255 0.00391846 6.5637e-010
0.302 -0.00885795 -0.0388385 0.00319471 0.000754215 0.00391856 6.57246e-010
0.303 -0.0088957 -0.0381124 0.00322224 0.000726278 0.00391866 6.58017e-010
0.304 -0.00893271 -0.0373831 0.00324936 0.000698748 0.00391876 6.58684e-010
0.305 -0.008969 -0.0366506 0.00327604 0.000671634 0.00391885 6.59247e-010
0.306 -0.00900454 -0.035915 0.0033023 0.000644945 0.00391894 6.59709e-010
0.307 -0.00903935 -0.0351764 0.00332811 0.000618691 0.00391903 6.6007e-010
0.308 -0.00907341 -0.0344349 0.00335347 0.00059288 0.00391912 6.60334e-010
0.309 -0.00910673 -0.0336904 0.00337837 0.000567522 0.00391921 6.605e-010
0.31 -0.0091393 -0.0329431 0.0034028 0.000542623 0.00391929 6.60572e-010
0.311 -0.00917112 -0.032193 0.00342675 0.000518194 0.00391937 6.6055e-010
0.312 -0.00920218 -0.0314402 0.00345022 0.000494242 0.00391945 6.60438e-010
0.313 -0.00923249 -0.0306847 0.00347319 0.000470775 0.00391953 6.60236e-010
0.314 -0.00926203 -0.0299266 0.00349567 0.000447801 0.00391961 6.59947e-010
0.315 -0.00929082 -0.029166 0.00351763 0.000425328 0.00391968 6.59573e-010
0.316 -0.00931884 -0.0284029 0.00353908 0.000403363 0.00391975 6.59116e-010
0.317 -0.00934609 -0.0276375 0.00356001 0.000381915 0.00391982 6.58579e-010
0.318 -0.00937258 -0.0268697 0.0035804 0.000360989 0.00391989 6.57964e-010
0.319 -0.00939829 -0.0260996 0.00360026 0.000340594 0.00391996 6.57272e-010
0.32 -0.00942323 -0.0253273 0.00361957 0.000320736 0.00392002 6.56507e-010
0.321 -0.0094474 -0.0245529 0.00363834 0.000301422 0.00392008 6.55671e-010
0.322 -0.00947079 -0.0237764 0.00365655 0.000282658 0.00392014 6.54767e-010
0.323 -0.00949339 -0.0229978 0.00367419 0.00026445 0.0039202 6.53796e-010
0.324 -0.00951522 -0.0222174 0.00369127 0.000246806 0.00392025 6.52761e-010
0.325 -0.00953626 -0.021435 0.00370777 0.00022973 0.00392031 6.51666e-010
0.326 -0.00955652 -0.0206509 0.00372369 0.000213229 0.00392036 6.50512e-010
0.327 -0.00957599 -0.0198649 0.00373903 0.000197308 0.0039204 6.49302e-010
0.328 -0.00959468 -0.0190774 0.00375377 0.000181973 0.00392045 6.48039e-010
0.329 -0.00961257 -0.0182881 0.00376792 0.000167228 0.0039205 6.46726e-010
0.33 -0.00962967 -0.0174974 0.00378147 0.000153079 0.00392054 6.45365e-010
0.331 -0.00964598 -0.0167051 0.00379441 0.000139531 0.00392058 6.43959e-010
0.332 -0.00966149 -0.0159115 0.00380675 0.000126588 0.00392062 6.42511e-010
0.333 -0.00967621 -0.0151165 0.00381847 0.000114254 0.00392065 6.41023e-010
0.334 -0.00969013 -0.0143202 0.00382957 0.000102534 0.00392069 6.39499e-010
0.335 -0.00970326 -0.0135227 0.00384005 9.14316e-005 0.00392072 6.3794e-010
0.336 -0.00971558 -0.012724 0.00384991 8.09507e-005 0.00392075 6.36351e-010
0.337 -0.00972711 -0.0119243 0.00385913 7.10948e-005 0.00392078 6.34732e-010
0.338 -0.00973783 -0.0111236 0.00386773 6.18671e-005 0.0039208 6.33088e-010
0.339 -0.00974775 -0.0103219 0.00387569 5.32709e-005 0.00392083 6.31421e-010
0.34 -0.00975687 -0.00951936 0.00388302 4.53091e-005 0.00392085 6.29733e-010
0.341 -0.00976518 -0.008716 0.0038897 3.79843e-005 0.00392087 6.28027e-010
0.342 -0.00977269 -0.0079119 0.00389575 3.12991e-005 0.00392089 6.26307e-010
0.343 -0.0097794 -0.00710713 0.00390115 2.52556e-005 0.0039209 6.24574e-010
0.344 -0.0097853 -0.00630175 0.0039059 1.9856e-005 0.00392092 6.22832e-010
0.345 -0.00979039 -0.00549585 0.00391001 1.51022e-005 0.00392093 6.21082e-010
0.346 -0.00979467 -0.00468947 0.00391346 1.09956e-005 0.00392094 6.19328e-010
0.347 -0.00979815 -0.0038827 0.00391627 7.53768e-006 0.00392095 6.17572e-010
0.348 -0.00980083 -0.0030756 0.00391843 4.72966e-006 0.00392095 6.15816e-010
0.349 -0.00980269 -0.00226824 0.00391994 2.57245e-006 0.00392096 6.14064e-010
0.35 -0.00980375 -0.00146069 0.00392079 1.0668e-006 0.00392096 6.12316e-010
0.351 -0.009804 -0.000653008 0.00392099 2.1321e-007 0.00392096 6.10577e-010
0.352 -0.00980344 0.000154725 0.00392054 1.197e-008 0.00392096 6.08848e-010
0.353 -0.00980207 0.000962445 0.00391944 4.6315e-007 0.00392096 6.07131e-010
0.354 -0.0097999 0.00177008 0.00391768 1.5666e-006 0.00392095 6.05429e-010
0.355 -0.00979692 0.00257757 0.00391527 3.32194e-006 0.00392095 6.03744e-010
0.356 -0.00979313 0.00338484 0.00391222 5.72858e-006 0.00392094 6.02078e-010
0.357 -0.00978853 0.00419182 0.00390851 8.78569e-006 0.00392093 6.00433e-010
0.358 -0.00978313 0.00499845 0.00390416 1.24923e-005 0.00392092 5.98811e-010
0.359 -0.00977692 0.00580465 0.00389915 1.6847e-005 0.0039209 5.97215e-010
0.36 -0.00976991 0.00661036 0.00389351 2.18485e-005 0.00392089 5.95645e-010
0.361 -0.00976209 0.00741552 0.00388722 2.74949e-005 0.00392087 5.94104e-010
0.362 -0.00975347 0.00822004 0.00388029 3.37845e-005 0.00392085 5.92594e-010
0.363 -0.00974404 0.00902386 0.00387272 4.0715e-005 0.00392083 5.91117e-010
0.364 -0.00973382 0.00982692 0.00386451 4.82842e-005 0.00392081 5.89673e-010
0.365 -0.00972279 0.0106291 0.00385567 5.64894e-005 0.00392079 5.88265e-010
0.366 -0.00971096 0.0114305 0.0038462 6.53278e-005 0.00392076 5.86894e-010
0.367 -0.00969832 0.0122308 0.00383611 7.47966e-005 0.00392073 5.85562e-010
0.368 -0.0096849 0.0130301 0.00382539 8.48924e-005 0.00392071 5.84269e-010
0.369 -0.00967067 0.0138284 0.00381405 9.56118e-005 0.00392068 5.83018e-010
0.37 -0.00965564 0.0146254 0.00380209 0.000106951 0.00392064 5.81809e-010
0.371 -0.00963983 0.0154212 0.00378953 0.000118907 0.00392061 5.80644e-010
0.372 -0.00962321 0.0162157 0.00377635 0.000131475 0.00392058 5.79523e-010
0.373 -0.00960581 0.0170088 0.00376257 0.00014465 0.00392054 5.78448e-010
0.374 -0.00958761 0.0178005 0.00374819 0.000158429 0.0039205 5.7742e-010
0.375 -0.00956863 0.0185907 0.00373322 0.000172807 0.00392047 5.76439e-010
0.376 -0.00954885 0.0193793 0.00371766 0.000187778 0.00392043 5.75505e-010
0.377 -0.00952829 0.0201662 0.00370152 0.000203339 0.00392038 5.74621e-010
0.378 -0.00950695 0.0209515 0.00368479 0.000219482 0.00392034 5.73786e-010
0.379 -0.00948482 0.021735 0.0036675 0.000236204 0.0039203 5.73001e-010
0.38 -0.00946192 0.0225166 0.00364964 0.000253499 0.00392025 5.72266e-010
0.381 -0.00943823 0.0232963 0.00363122 0.000271359 0.00392021 5.71581e-010
0.382 -0.00941377 0.0240741 0.00361224 0.000289781 0.00392016 5.70948e-010
0.383 -0.00938853 0.0248498 0.00359272 0.000308756 0.00392011 5.70366e-010
0.384 -0.00936252 0.0256234 0.00357265 0.00032828 0.00392006 5.69835e-010
0.385 -0.00933574 0.0263949 0.00355205 0.000348345 0.00392001 5.69355e-010
0.386 -0.00930819 0.0271641 0.00353092 0.000368944 0.00391996 5.68927e-010
0.387 -0.00927988 0.027931 0.00350928 0.000390071 0.0039199 5.6855e-010
0.388 -0.0092508 0.0286956 0.00348712 0.000411718 0.00391985 5.68224e-010
0.389 -0.00922096 0.0294577 0.00346445 0.000433878 0.0039198 5.67949e-010
0.39 -0.00919037 0.0302173 0.00344129 0.000456544 0.00391974 5.67724e-010
0.391 -0.00915902 0.0309744 0.00341763 0.000479707 0.00391968 5.67549e-010
0.392 -0.00912691 0.0317289 0.00339349 0.000503361 0.00391962 5.67424e-010
0.393 -0.00909405 0.0324807 0.00336888 0.000527497 0.00391957 5.67348e-010
0.394 -0.00906045 0.0332297 0.00334381 0.000552107 0.00391951 5.67321e-010
0.395 -0.0090261 0.033976 0.00331827 0.000577183 0.00391944 5.67341e-010
0.396 -0.00899101 0.0347193 0.00329229 0.000602716 0.00391938 5.67409e-010
0.397 -0.00895518 0.0354598 0.00326587 0.000628697 0.00391932 5.67523e-010
0.398 -0.00891862 0.0361972 0.00323902 0.000655119 0.00391926 5.67682e-010
0.399 -0.00888132 0.0369316 0.00321174 0.000681971 0.00391919 5.67886e-010
0.4 -0.00884329 0.0376629 0.00318405 0.000709246 0.00391913 5.68134e-010
0.401 -0.00880454 0.038391 0.00315596 0.000736933 0.00391906 5.68424e-010
0.402 -0.00876506 0.0391158 0.00312748 0.000765024 0.003919 5.68755e-010
0.403 -0.00872486 0.0398374 0.00309861 0.000793509 0.00391893 5.69127e-010
0.404 -0.00868395 0.0405556 0.00306936 0.000822378 0.00391886 5.69539e-010
0.405 -0.00864232 0.0412704 0.00303975 0.000851622 0.0039188 5.69988e-010
0.406 -0.00859999 0.0419817 0.00300979 0.000881231 0.00391873 5.70474e-010
0.407 -0.00855694 0.0426895 0.00297948 0.000911195 0.00391866 5.70995e-010
0.408 -0.0085132 0.0433936 0.00294884 0.000941504 0.00391859 5.71551e-010
0.409 -0.00846876 0.0440942 0.00291787 0.000972147 0.00391852 5.72139e-010
0.41 -0.00842362 0.044791 0.00288658 0.00100312 0.00391845 5.72758e-010
0.411 -0.00837779 0.045484 0.002855 0.0010344 0.00391838 5.73407e-010
0.412 -0.00833127 0.0461732 0.00282312 0.00106598 0.00391831 5.74084e-010
0.413 -0.00828407 0.0468586 0.00279096 0.00109786 0.00391824 5.74788e-010
0.414 -0.00823619 0.04754 0.00275852 0.00113002 0.00391817 5.75517e-010
0.415 -0.00818764 0.0482174 0.00272583 0.00116246 0.00391809 5.7627e-010
0.416 -0.00813841 0.0488907 0.00269288 0.00119515 0.00391802 5.77045e-010
0.417 -0.00808852 0.0495599 0.0026597 0.00122809 0.00391795 5.7784e-010
0.418 -0.00803796 0.050225 0.00262629 0.00126128 0.00391788 5.78654e-010
0.419 -0.00798674 0.0508859 0.00259266 0.00129469 0.0039178 5.79485e-010
0.42 -0.00793487 0.0515425 0.00255883 0.00132831 0.00391773 5.80331e-010
0.421 -0.00788235 0.0521947 0.0025248 0.00136214 0.00391766 5.81191e-010
0.422 -0.00782919 0.0528426 0.00249059 0.00139617 0.00391759 5.82063e-010
0.423 -0.00777538 0.0534861 0.00245621 0.00143038 0.00391751 5.82945e-010
0.424 -0.00772094 0.054125 0.00242167 0.00146476 0.00391744 5.83836e-010
0.425 -0.00766586 0.0547595 0.00238698 0.0014993 0.00391737 5.84733e-010
0.426 -0.00761016 0.0553893 0.00235216 0.00153399 0.00391729 5.85636e-010
0.427 -0.00755383 0.0560145 0.0023172 0.00156881 0.00391722 5.86543e-010
0.428 -0.00749689 0.0566351 0.00228214 0.00160376 0.00391715 5.87451e-010
0.429 -0.00743933 0.0572508 0.00224697 0.00163883 0.00391707 5.88359e-010
0.43 -0.00738117 0.0578618 0.00221171 0.001674 0.003917 5.89266e-010
0.431 -0.0073224 0.058468 0.00217638 0.00170925 0.00391693 5.90169e-010
0.432 -0.00726303 0.0590692 0.00214098 0.00174459 0.00391686 5.91068e-010
0.433 -0.00720307 0.0596656 0.00210552 0.00177999 0.00391678 5.9196e-010
0.434 -0.00714251 0.0602569 0.00207001 0.00181545 0.00391671 5.92844e-010
0.435 -0.00708138 0.0608432 0.00203448 0.00185095 0.00391664 5.93719e-010
0.436 -0.00701967 0.0614245 0.00199893 0.00188648 0.00391657 5.94582e-010
0.437 -0.00695738 0.0620006 0.00196337 0.00192203 0.0039165 5.95432e-010
0.438 -0.00689452 0.0625715 0.00192781 0.0019576 0.00391643 5.96268e-010
0.439 -0.0068311 0.0631372 0.00189226 0.00199315 0.00391636 5.97088e-010
0.44 -0.00676713 0.0636977 0.00185675 0.0020287 0.00391629 5.97892e-010
0.441 -0.0067026 0.0642528 0.00182127 0.00206421 0.00391622 5.98676e-010
0.442 -0.00663752 0.0648026 0.00178584 0.00209969 0.00391615 5.99441e-010
0.443 -0.0065719 0.065347 0.00175048 0.00213511 0.00391608 6.00184e-010
0.444 -0.00650575 0.0658859 0.00171519 0.00217048 0.00391601 6.00904e-010
0.445 -0.00643906 0.0664194 0.00167998 0.00220577 0.00391594 6.01601e-010
0.446 -0.00637186 0.0669474 0.00164487 0.00224097 0.00391588 6.02272e-010
0.447 -0.00630413 0.0674697 0.00160987 0.00227608 0.00391581 6.02917e-010
0.448 -0.00623588 0.0679865 0.00157499 0.00231108 0.00391574 6.03535e-010
0.449 -0.00616713 0.0684976 0.00154024 0.00234596 0.00391568 6.04124e-010
0.45 -0.00609788 0.0690031 0.00150563 0.00238071 0.00391561 6.04684e-010
0.451 -0.00602812 0.0695028 0.00147118 0.00241532 0.00391555 6.05213e-010
0.452 -0.00595788 0.0699967 0.00143689 0.00244977 0.00391548 6.0571e-010
0.453 -0.00588715 0.0704849 0.00140278 0.00248406 0.00391542 6.06175e-010
0.454 -0.00581595 0.0709672 0.00136886 0.00251817 0.00391536 6.06607e-010
0.455 -0.00574427 0.0714436 0.00133513 0.00255209 0.0039153 6.07005e-010
0.456 -0.00567212 0.0719141 0.00130161 0.00258582 0.00391524 6.07368e-010
0.457 -0.00559951 0.0723787 0.00126832 0.00261933 0.00391518 6.07696e-010
0.458 -0.00552645 0.0728372 0.00123525 0.00265263 0.00391512 6.07988e-010
0.459 -0.00545293 0.0732897 0.00120243 0.00268569 0.00391506 6.08243e-010
0.46 -0.00537897 0.0737362 0.00116986 0.00271851 0.003915 6.08461e-010
0.461 -0.00530458 0.0741766 0.00113756 0.00275108 0.00391494 6.08641e-010
0.462 -0.00522975 0.0746108 0.00110552 0.00278339 0.00391489 6.08784e-010
0.463 -0.0051545 0.0750389 0.00107378 0.00281542 0.00391483 6.08888e-010
0.464 -0.00507883 0.0754608 0.00104232 0.00284717 0.00391478 6.08953e-010
0.465 -0.00500275 0.0758765 0.00101117 0.00287862 0.00391472 6.0898e-010
0.466 -0.00492626 0.0762859 0.00098034 0.00290977 0.00391467 6.08968e-010
0.467 -0.00484937 0.076689 0.00094983 0.0029406 0.00391462 6.08916e-010
0.468 -0.00477209 0.0770858 0.000919655 0.00297111 0.00391457 6.08826e-010
0.469 -0.00469442 0.0774763 0.000889824 0.00300129 0.00391452 6.08696e-010
0.47 -0.00461637 0.0778603 0.000860346 0.00303112 0.00391447 6.08528e-010
0.471 -0.00453794 0.078238 0.000831232 0.00306059 0.00391442 6.0832e-010
0.472 -0.00445915 0.0786093 0.00080249 0.00308971 0.00391437 6.08074e-010
0.473 -0.00437999 0.078974 0.00077413 0.00311845 0.00391433 6.07789e-010
0.474 -0.00430048 0.0793323 0.000746161 0.00314681 0.00391428 6.07466e-010
0.475 -0.00422062 0.0796841 0.000718591 0.00317478 0.00391424 6.07105e-010
0.476 -0.00414042 0.0800293 0.00069143 0.00320235 0.0039142 6.06706e-010
0.477 -0.00405989 0.080368 0.000664687 0.00322951 0.00391415 6.0627e-010
0.478 -0.00397902 0.0807001 0.000638369 0.00325625 0.00391411 6.05798e-010
0.479 -0.00389784 0.0810255 0.000612485 0.00328257 0.00391407 6.0529e-010
0.48 -0.00381634 0.0813443 0.000587043 0.00330845 0.00391403 6.04746e-010
0.481 -0.00373452 0.0816565 0.000562052 0.00333389 0.003914 6.04168e-010
0.482 -0.00365241 0.081962 0.000537519 0.00335888 0.00391396 6.03555e-010
0.483 -0.00357 0.0822607 0.000513452 0.00338341 0.00391393 6.02909e-010
0.484 -0.00348731 0.0825528 0.000489859 0.00340748 0.00391389 6.02231e-010
0.485 -0.00340433 0.0828381 0.000466746 0.00343107 0.00391386 6.01521e-010
0.486 -0.00332107 0.0831166 0.000444123 0.00345419 0.00391383 6.00781e-010
0.487 -0.00323755 0.0833884 0.000421994 0.00347681 0.0039138 6.0001e-010
0.488 -0.00315377 0.0836533 0.000400368 0.00349894 0.00391377 5.99211e-010
0.489 -0.00306973 0.0839114 0.000379251 0.00352056 0.00391374 5.98383e-010
0.49 -0.00298544 0.0841627 0.00035865 0.00354168 0.00391371 5.97529e-010
0.491 -0.00290091 0.0844071 0.000338571 0.00356228 0.00391368 5.9665e-010
0.492 -0.00281615 0.0846446 0.000319021 0.00358236 0.00391366 5.95745e-010
0.493 -0.00273116 0.0848753 0.000300005 0.00360191 0.00391363 5.94818e-010
0.494 -0.00264595 0.085099 0.000281529 0.00362092 0.00391361 5.93867e-010
0.495 -0.00256053 0.0853159 0.0002636 0.0036394 0.00391359 5.92896e-010
0.496 -0.0024749 0.0855258 0.000246222 0.00365733 0.00391357 5.91905e-010
0.497 -0.00238907 0.0857287 0.000229401 0.00367471 0.00391355 5.90896e-010
0.498 -0.00230305 0.0859247 0.000213142 0.00369153 0.00391353 5.89869e-010
0.499 -0.00221685 0.0861137 0.00019745 0.00370779 0.00391352 5.88827e-010
0.5 -0.00213046 0.0862957 0.00018233 0.00372348 0.0039135 5.8777e-010
0.501 -0.0020439 0.0864708 0.000167786 0.0037386 0.00391349 5.86699e-010
0.502 -0.00195718 0.0866388 0.000153824 0.00375314 0.00391347 5.85617e-010
0.503 -0.0018703 0.0867998 0.000140446 0.0037671 0.00391346 5.84525e-010
0.504 -0.00178328 0.0869538 0.000127657 0.00378048 0.00391345 5.83423e-010
0.505 -0.0016961 0.0871007 0.000115462 0.00379327 0.00391344 5.82314e-010
0.506 -0.00160879 0.0872406 0.000103862 0.00380546 0.00391344 5.81199e-010
0.507 -0.00152136 0.0873735 9.28632e-005 0.00381706 0.00391343 5.80079e-010
0.508 -0.0014338 0.0874993 8.2467e-005 0.00382806 0.00391342 5.78956e-010
0.509 -0.00134612 0.087618 7.2677e-005 0.00383846 0.00391342 5.77831e-010
0.51 -0.00125834 0.0877297 6.3496e-005 0.00384825 0.00391341 5.76705e-010
0.511 -0.00117045 0.0878343 5.49267e-005 0.00385743 0.00391341 5.75581e-010
0.512 -0.00108247 0.0879318 4.69715e-005 0.003866 0.00391341 5.7446e-010
0.513 -0.000994407 0.0880222 3.96326e-005 0.00387395 0.00391341 5.73342e-010
0.514 -0.000906262 0.0881055 3.2912e-005 0.00388129 0.00391341 5.7223e-010
0.515 -0.000818044 0.0881818 2.68117e-005 0.00388801 0.00391342 5.71125e-010
0.516 -0.00072976 0.0882509 2.13331e-005 0.00389411 0.00391342 5.70028e-010
0.517 -0.000641418 0.088313 1.64778e-005 0.00389959 0.00391343 5.68941e-010
0.518 -0.000553024 0.0883679 1.2247e-005 0.00390445 0.00391343 5.67865e-010
0.519 -0.000464586 0.0884158 8.64164e-006 0.00390868 0.00391344 5.66802e-010
0.52 -0.000376111 0.0884566 5.66264e-006 0.00391228 0.00391345 5.65753e-010
0.521 -0.000287606 0.0884902 3.31058e-006 0.00391526 0.00391346 5.64719e-010
0.522 -0.000199077 0.0885168 1.5859e-006 0.00391761 0.00391347 5.63702e-010
0.523 -0.000110533 0.0885363 4.8881e-007 0.00391934 0.00391348 5.62704e-010
0.524 -2.198e-005 0.0885487 1.93256e-008 0.00392043 0.00391349 5.61724e-010
0.525 6.65749e-005 0.088554 1.77265e-007 0.0039209 0.00391351 5.60765e-010
0.526 0.000155124 0.0885522 9.62245e-007 0.00392075 0.00391352 5.59828e-010
0.527 0.000243662 0.0885433 2.37368e-006 0.00391996 0.00391354 5.58914e-010
0.528 0.000332179 0.0885274 4.41079e-006 0.00391855 0.00391356 5.58025e-010
0.529 0.00042067 0.0885044 7.07259e-006 0.00391651 0.00391358 5.57161e-010
0.53 0.000509128 0.0884743 1.03579e-005 0.00391385 0.0039136 5.56324e-010
0.531 0.000597545 0.0884372 1.42653e-005 0.00391057 0.00391362 5.55514e-010
0.532 0.000685914 0.088393 1.87933e-005 0.00390666 0.00391364 5.54734e-010
0.533 0.000774228 0.0883417 2.39401e-005 0.00390213 0.00391366 5.53983e-010
0.534 0.000862481 0.0882835 2.97036e-005 0.00389698 0.00391369 5.53264e-010
0.535 0.000950664 0.0882181 3.60819e-005 0.00389122 0.00391371 5.52576e-010
0.536 0.00103877 0.0881458 4.30724e-005 0.00388484 0.00391374 5.51921e-010
0.537 0.0011268 0.0880665 5.06726e-005 0.00387785 0.00391377 5.513e-010
0.538 0.00121473 0.0879801 5.88798e-005 0.00387025 0.0039138 5.50714e-010
0.539 0.00130257 0.0878868 6.76911e-005 0.00386205 0.00391383 5.50162e-010
0.54 0.00139031 0.0877865 7.71033e-005 0.00385323 0.00391386 5.49648e-010
0.541 0.00147793 0.0876792 8.71132e-005 0.00384382 0.00391389 5.4917e-010
0.542 0.00156544 0.087565 9.77172e-005 0.00383381 0.00391392 5.48729e-010
0.543 0.00165282 0.0874438 0.000108912 0.00382321 0.00391395 5.48327e-010
0.544 0.00174007 0.0873157 0.000120693 0.00381201 0.00391399 5.47964e-010
0.545 0.00182718 0.0871807 0.000133056 0.00380023 0.00391402 5.4764e-010
0.546 0.00191414 0.0870387 0.000145998 0.00378787 0.00391406 5.47357e-010
0.547 0.00200096 0.0868899 0.000159514 0.00377493 0.0039141 5.47113e-010
0.548 0.00208761 0.0867342 0.000173599 0.00376141 0.00391414 5.46911e-010
0.549 0.0021741 0.0865717 0.000188249 0.00374733 0.00391417 5.46749e-010
0.55 0.00226042 0.0864023 0.000203458 0.00373268 0.00391421 5.46629e-010
0.551 0.00234655 0.0862261 0.000219222 0.00371747 0.00391425 5.46551e-010
0.552 0.0024325 0.0860431 0.000235535 0.00370171 0.0039143 5.46514e-010
0.553 0.00251826 0.0858533 0.000252392 0.00368539 0.00391434 5.4652e-010
0.554 0.00260382 0.0856567 0.000269787 0.00366854 0.00391438 5.46568e-010
0.555 0.00268917 0.0854534 0.000287714 0.00365114 0.00391443 5.46659e-010
0.556 0.0027743 0.0852434 0.000306168 0.00363322 0.00391447 5.46792e-010
0.557 0.00285922 0.0850266 0.000325142 0.00361476 0.00391452 5.46967e-010
0.558 0.00294391 0.0848032 0.00034463 0.00359579 0.00391456 5.47185e-010
0.559 0.00302837 0.0845731 0.000364626 0.0035763 0.00391461 5.47444e-010
0.56 0.00311258 0.0843363 0.000385123 0.00355631 0.00391466 5.47746e-010
0.561 0.00319655 0.0840929 0.000406115 0.00353581 0.00391471 5.48089e-010
0.562 0.00328027 0.0838429 0.000427594 0.00351482 0.00391476 5.48474e-010
0.563 0.00336372 0.0835864 0.000449553 0.00349334 0.00391481 5.48901e-010
0.564 0.00344692 0.0833232 0.000471986 0.00347138 0.00391486 5.49368e-010
0.565 0.00352983 0.0830536 0.000494885 0.00344895 0.00391491 5.49875e-010
0.566 0.00361247 0.0827774 0.000518242 0.00342605 0.00391496 5.50423e-010
0.567 0.00369482 0.0824948 0.00054205 0.00340269 0.00391501 5.5101e-010
0.568 0.00377688 0.0822057 0.000566302 0.00337888 0.00391506 5.51637e-010
0.569 0.00385864 0.0819101 0.000590989 0.00335463 0.00391512 5.52302e-010
0.57 0.0039401 0.0816082 0.000616104 0.00332995 0.00391517 5.53004e-010
0.571 0.00402124 0.0812999 0.000641638 0.00330483 0.00391523 5.53744e-010
0.572 0.00410207 0.0809852 0.000667583 0.0032793 0.00391528 5.5452e-010
0.573 0.00418257 0.0806642 0.000693931 0.00325335 0.00391534 5.55332e-010
0.574 0.00426274 0.0803369 0.000720673 0.00322701 0.00391539 5.5618e-010
0.575 0.00434258 0.0800033 0.000747801 0.00320027 0.00391545 5.57061e-010
0.576 0.00442207 0.0796635 0.000775305 0.00317314 0.00391551 5.57975e-010
0.577 0.00450121 0.0793175 0.000803179 0.00314563 0.00391557 5.58923e-010
0.578 0.00458 0.0789653 0.000831411 0.00311776 0.00391562 5.59901e-010
0.579 0.00465843 0.078607 0.000859994 0.00308953 0.00391568 5.6091e-010
0.58 0.00473648 0.0782425 0.000888917 0.00306095 0.00391574 5.61949e-010
0.581 0.00481417 0.077872 0.000918173 0.00303202 0.0039158 5.63017e-010
0.582 0.00489148 0.0774954 0.000947752 0.00300277 0.00391586 5.64112e-010
0.583 0.0049684 0.0771128 0.000977643 0.00297319 0.00391592 5.65233e-010
0.584 0.00504492 0.0767242 0.00100784 0.0029433 0.00391598 5.6638e-010
0.585 0.00512105 0.0763296 0.00103833 0.00291311 0.00391604 5.67552e-010
0.586 0.00519678 0.0759291 0.0010691 0.00288262 0.0039161 5.68746e-010
0.587 0.0052721 0.0755228 0.00110015 0.00285184 0.00391616 5.69962e-010
0.588 0.005347 0.0751105 0.00113146 0.0028208 0.00391622 5.712e-010
0.589 0.00542148 0.0746925 0.00116303 0.00278948 0.00391628 5.72456e-010
0.59 0.00549554 0.0742686 0.00119485 0.00275792 0.00391635 5.73731e-010
0.591 0.00556916 0.0738391 0.00122689 0.0027261 0.00391641 5.75024e-010
0.592 0.00564235 0.0734037 0.00125917 0.00269405 0.00391647 5.76332e-010
0.593 0.00571509 0.0729628 0.00129166 0.00266178 0.00391653 5.77654e-010
0.594 0.00578738 0.0725161 0.00132435 0.00262929 0.00391659 5.7899e-010
0.595 0.00585922 0.0720639 0.00135723 0.0025966 0.00391666 5.80338e-010
0.596 0.00593059 0.0716061 0.0013903 0.00256372 0.00391672 5.81697e-010
0.597 0.0060015 0.0711428 0.00142355 0.00253065 0.00391678 5.83065e-010
0.598 0.00607194 0.070674 0.00145696 0.0024974 0.00391685 5.84441e-010
0.599 0.0061419 0.0701997 0.00149051 0.002464 0.00391691 5.85823e-010
0.6 0.00621138 0.06972 0.00152422 0.00243044 0.00391697 5.87212e-010
0.601 0.00628037 0.0692349 0.00155805 0.00239674 0.00391703 5.88604e-010
0.602 0.00634887 0.0687445 0.001592 0.00236291 0.0039171 5.89999e-010
0.603 0.00641687 0.0682488 0.00162607 0.00232895 0.00391716 5.91395e-010
0.604 0.00648437 0.0677479 0.00166023 0.00229489 0.00391722 5.92792e-010
0.605 0.00655135 0.0672417 0.00169448 0.00226073 0.00391728 5.94187e-010
0.606 0.00661783 0.0667304 0.00172882 0.00222647 0.00391735 5.9558e-010
0.607 0.00668378 0.0662139 0.00176322 0.00219214 0.00391741 5.96969e-010
0.608 0.00674921 0.0656924 0.00179767 0.00215774 0.00391747 5.98353e-010
0.609 0.00681411 0.0651658 0.00183217 0.00212329 0.00391753 5.9973e-010
0.61 0.00687848 0.0646342 0.00186671 0.00208879 0.0039176 6.011e-010
0.611 0.00694231 0.0640976 0.00190127 0.00205425 0.00391766 6.0246e-010
0.612 0.00700559 0.0635561 0.00193585 0.00201969 0.00391772 6.0381e-010
0.613 0.00706833 0.0630097 0.00197043 0.00198511 0.00391778 6.05149e-010
0.614 0.00713051 0.0624585 0.002005 0.00195053 0.00391784 6.06475e-010
0.615 0.00719213 0.0619025 0.00203956 0.00191596 0.0039179 6.07788e-010
0.616 0.00725319 0.0613418 0.00207408 0.00188141 0.00391797 6.09085e-010
0.617 0.00731368 0.0607764 0.00210857 0.00184688 0.00391803 6.10365e-010
0.618 0.0073736 0.0602063 0.002143 0.0018124 0.00391809 6.11629e-010
0.619 0.00743295 0.0596316 0.00217738 0.00177796 0.00391815 6.12874e-010
0.62 0.00749171 0.0590523 0.00221168 0.00174359 0.00391821 6.14099e-010
0.621 0.00754988 0.0584686 0.0022459 0.00170929 0.00391827 6.15304e-010
0.622 0.00760747 0.0578803 0.00228003 0.00167507 0.00391833 6.16487e-010
0.623 0.00766446 0.0572876 0.00231406 0.00164094 0.00391838 6.17647e-010
0.624 0.00772085 0.0566906 0.00234797 0.00160691 0.00391844 6.18783e-010
0.625 0.00777664 0.0560892 0.00238176 0.001573 0.0039185 6.19895e-010
0.626 0.00783182 0.0554836 0.00241541 0.00153921 0.00391856 6.20981e-010
0.627 0.00788639 0.0548737 0.00244892 0.00150556 0.00391862 6.2204e-010
0.628 0.00794034 0.0542596 0.00248228 0.00147205 0.00391867 6.23072e-010
0.629 0.00799367 0.0536413 0.00251546 0.0014387 0.00391873 6.24076e-010
0.63 0.00804638 0.053019 0.00254848 0.00140551 0.00391878 6.25051e-010
0.631 0.00809845 0.0523927 0.00258131 0.0013725 0.00391884 6.25996e-010
0.632 0.0081499 0.0517623 0.00261394 0.00133967 0.00391889 6.26911e-010
0.633 0.00820071 0.051128 0.00264636 0.00130704 0.00391895 6.27795e-010
0.634 0.00825088 0.0504899 0.00267857 0.00127461 0.003919 6.28646e-010
0.635 0.00830041 0.0498478 0.00271056 0.0012424 0.00391906 6.29465e-010
0.636 0.00834928 0.049202 0.00274231 0.00121042 0.00391911 6.30251e-010
0.637 0.00839751 0.0485524 0.00277381 0.00117867 0.00391916 6.31004e-010
0.638 0.00844508 0.0478992 0.00280506 0.00114717 0.00391921 6.31722e-010
0.639 0.00849199 0.0472423 0.00283605 0.00111592 0.00391926 6.32406e-010
0.64 0.00853825 0.0465818 0.00286676 0.00108493 0.00391931 6.33055e-010
0.641 0.00858383 0.0459177 0.00289719 0.00105422 0.00391936 6.33668e-010
0.642 0.00862875 0.0452502 0.00292733 0.00102379 0.00391941 6.34246e-010
0.643 0.00867299 0.0445792 0.00295716 0.000993655 0.00391946 6.34788e-010
0.644 0.00871656 0.0439049 0.00298669 0.00096382 0.00391951 6.35293e-010
0.645 0.00875944 0.0432272 0.00301589 0.000934296 0.00391956 6.35762e-010
0.646 0.00880165 0.0425463 0.00304477 0.000905092 0.00391961 6.36194e-010
0.647 0.00884317 0.0418621 0.00307331 0.000876216 0.00391965 6.36589e-010
0.648 0.008884 0.0411747 0.0031015 0.000847678 0.0039197 6.36947e-010
0.649 0.00892414 0.0404842 0.00312934 0.000819486 0.00391974 6.37269e-010
0.65 0.00896358 0.0397907 0.00315681 0.000791648 0.00391979 6.37553e-010
0.651 0.00900232 0.0390941 0.00318392 0.000764173 0.00391983 6.378e-010
0.652 0.00904037 0.0383945 0.00321064 0.00073707 0.00391987 6.3801e-010
0.653 0.00907771 0.0376921 0.00323698 0.000710347 0.00391991 6.38183e-010
0.654 0.00911434 0.0369868 0.00326292 0.000684011 0.00391996 6.38319e-010
0.655 0.00915027 0.0362787 0.00328845 0.000658072 0.00392 6.38419e-010
0.656 0.00918548 0.0355678 0.00331358 0.000632536 0.00392004 6.38483e-010
0.657 0.00921997 0.0348543 0.00333828 0.000607411 0.00392007 6.3851e-010
0.658 0.00925375 0.0341381 0.00336256 0.000582705 0.00392011 6.38501e-010
0.659 0.00928681 0.0334194 0.00338641 0.000558426 0.00392015 6.38457e-010
0.66 0.00931915 0.0326981 0.00340981 0.000534582 0.00392019 6.38378e-010
0.661 0.00935076 0.0319743 0.00343277 0.000511178 0.00392022 6.38264e-010
0.662 0.00938165 0.0312481 0.00345527 0.000488222 0.00392026 6.38115e-010
0.663 0.0094118 0.0305196 0.00347731 0.000465722 0.00392029 6.37933e-010
0.664 0.00944122 0.0297887 0.00349888 0.000443684 0.00392033 6.37717e-010
0.665 0.00946991 0.0290556 0.00351997 0.000422114 0.00392036 6.37469e-010
0.666 0.00949786 0.0283203 0.00354059 0.00040102 0.00392039 6.37188e-010
0.667 0.00952508 0.0275829 0.00356071 0.000380407 0.00392042 6.36875e-010
0.668 0.00955155 0.0268433 0.00358034 0.000360283 0.00392045 6.36531e-010
0.669 0.00957728 0.0261018 0.00359947 0.000340652 0.00392048 6.36157e-010
0.67 0.00960227 0.0253583 0.0036181 0.000321521 0.00392051 6.35754e-010
0.671 0.00962651 0.0246128 0.00363621 0.000302896 0.00392054 6.35321e-010
0.672 0.00965 0.0238655 0.00365381 0.000284782 0.00392056 6.3486e-010
0.673 0.00967274 0.0231164 0.00367089 0.000267185 0.00392059 6.34371e-010
0.674 0.00969473 0.0223656 0.00368743 0.00025011 0.00392062 6.33856e-010
0.675 0.00971597 0.0216131 0.00370345 0.000233563 0.00392064 6.33315e-010
0.676 0.00973645 0.0208589 0.00371893 0.000217547 0.00392066 6.32749e-010
0.677 0.00975617 0.0201032 0.00373386 0.000202069 0.00392069 6.32158e-010
0.678 0.00977514 0.0193459 0.00374825 0.000187133 0.00392071 6.31545e-010
0.679 0.00979335 0.0185872 0.00376209 0.000172743 0.00392073 6.30909e-010
0.68 0.00981079 0.0178271 0.00377538 0.000158903 0.00392075 6.30251e-010
0.681 0.00982748 0.0170657 0.00378811 0.000145618 0.00392077 6.29573e-010
0.682 0.0098434 0.0163029 0.00380027 0.000132893 0.00392078 6.28876e-010
0.683 0.00985856 0.015539 0.00381187 0.00012073 0.0039208 6.2816e-010
0.684 0.00987295 0.0147738 0.00382289 0.000109133 0.00392082 6.27426e-010
0.685 0.00988657 0.0140076 0.00383335 9.81058e-005 0.00392083 6.26676e-010
0.686 0.00989943 0.0132402 0.00384322 8.76521e-005 0.00392085 6.2591e-010
0.687 0.00991151 0.0124719 0.00385252 7.77746e-005 0.00392086 6.2513e-010
0.688 0.00992283 0.0117027 0.00386124 6.84765e-005 0.00392088 6.24336e-010
0.689 0.00993338 0.0109326 0.00386937 5.97604e-005 0.00392089 6.2353e-010
0.69 0.00994316 0.0101616 0.00387691 5.16291e-005 0.0039209 6.22712e-010
0.691 0.00995216 0.00938989 0.00388387 4.4085e-005 0.00392091 6.21884e-010
0.692 0.00996039 0.00861746 0.00389023 3.71303e-005 0.00392092 6.21046e-010
0.693 0.00996785 0.00784438 0.003896 3.07672e-005 0.00392093 6.20201e-010
0.694 0.00997453 0.00707072 0.00390118 2.49975e-005 0.00392093 6.19348e-010
0.695 0.00998044 0.00629652 0.00390576 1.98231e-005 0.00392094 6.18489e-010
0.696 0.00998558 0.00552184 0.00390973 1.52454e-005 0.00392095 6.17625e-010
0.697 0.00998993 0.00474675 0.00391311 1.12658e-005 0.00392095 6.16757e-010
0.698 0.00999352 0.00397131 0.00391589 7.88563e-006 0.00392096 6.15886e-010
0.699 0.00999633 0.00319556 0.00391807 5.1058e-006 0.00392096 6.15013e-010
0.7 0.00999836 0.00241957 0.00391965 2.92717e-006 0.00392096 6.14139e-010
0.701 0.00999961 0.0016434 0.00392062 1.35039e-006 0.00392096 6.13266e-010
0.702 0.0100001 0.00086711 0.003921 3.7594e-007 0.00392096 6.12394e-010
0.703 0.00999979 9.07521e-005 0.00392077 4.11797e-009 0.00392096 6.11524e-010
0.704 0.00999872 -0.000685613 0.00391993 2.35033e-007 0.00392096 6.10658e-010
0.705 0.00999687 -0.00146193 0.0039185 1.06861e-006 0.00392096 6.09795e-010
0.706 0.00999424 -0.00223813 0.00391646 2.50461e-006 0.00392096 6.08939e-010
0.707 0.00999084 -0.00301416 0.00391382 4.54259e-006 0.00392095 6.08088e-010
0.708 0.00998666 -0.00378997 0.00391058 7.18194e-006 0.00392095 6.07245e-010
0.709 0.00998171 -0.00456549 0.00390674 1.04219e-005 0.00392094 6.06409e-010
0.71 0.00997598 -0.00534067 0.0039023 1.42614e-005 0.00392094 6.05584e-010
0.711 0.00996948 -0.00611545 0.00389727 1.86994e-005 0.00392093 6.04768e-010
0.712 0.0099622 -0.00688976 0.00389164 2.37344e-005 0.00392092 6.03963e-010
0.713 0.00995415 -0.00766356 0.00388541 2.93651e-005 0.00392091 6.03169e-010
0.714 0.00994533 -0.00843678 0.00387859 3.55896e-005 0.0039209 6.02389e-010
0.715 0.00993573 -0.00920936 0.00387119 4.24062e-005 0.00392089 6.01622e-010
0.716 0.00992537 -0.00998125 0.00386319 4.98127e-005 0.00392088 6.0087e-010
0.717 0.00991423 -0.0107524 0.00385461 5.7807e-005 0.00392087 6.00132e-010
0.718 0.00990232 -0.0115227 0.00384545 6.63865e-005 0.00392086 5.99411e-010
0.719 0.00988965 -0.0122922 0.00383571 7.55488e-005 0.00392084 5.98706e-010
0.72 0.0098762 -0.0130607 0.00382539 8.52911e-005 0.00392083 5.98018e-010
0.721 0.00986199 -0.0138283 0.0038145 9.56104e-005 0.00392082 5.97349e-010
0.722 0.00984701 -0.0145948 0.00380303 0.000106504 0.0039208 5.96698e-010
0.723 0.00983127 -0.0153602 0.003791 0.000117968 0.00392078 5.96067e-010
0.724 0.00981476 -0.0161244 0.0037784 0.000129999 0.00392077 5.95456e-010
0.725 0.00979749 -0.0168875 0.00376525 0.000142593 0.00392075 5.94865e-010
0.726 0.00977946 -0.0176492 0.00375154 0.000155747 0.00392073 5.94295e-010
0.727 0.00976067 -0.0184096 0.00373728 0.000169458 0.00392071 5.93747e-010
0.728 0.00974113 -0.0191687 0.00372247 0.000183719 0.00392069 5.93221e-010
0.729 0.00972082 -0.0199263 0.00370712 0.000198528 0.00392067 5.92718e-010
0.73 0.00969976 -0.0206824 0.00369123 0.00021388 0.00392065 5.92238e-010
0.731 0.00967795 -0.0214369 0.0036748 0.000229771 0.00392063 5.91781e-010
0.732 0.00965538 -0.0221898 0.00365785 0.000246194 0.00392061 5.91348e-010
0.733 0.00963207 -0.0229411 0.00364037 0.000263146 0.00392058 5.90939e-010
0.734 0.009608 -0.0236906 0.00362238 0.000280622 0.00392056 5.90554e-010
0.735 0.00958319 -0.0244383 0.00360387 0.000298615 0.00392053 5.90194e-010
0.736 0.00955763 -0.0251842 0.00358486 0.000317121 0.00392051 5.89859e-010
0.737 0.00953133 -0.0259281 0.00356535 0.000336134 0.00392048 5.89549e-010
0.738 0.00950429 -0.0266702 0.00354534 0.000355649 0.00392046 5.89264e-010
0.739 0.00947651 -0.0274102 0.00352484 0.000375659 0.00392043 5.89005e-010
0.74 0.009448 -0.0281481 0.00350385 0.000396158 0.0039204 5.88771e-010
0.741 0.00941874 -0.0288839 0.00348239 0.00041714 0.00392037 5.88563e-010
0.742 0.00938876 -0.0296175 0.00346046 0.000438599 0.00392034 5.8838e-010
0.743 0.00935805 -0.0303489 0.00343807 0.000460528 0.00392032 5.88224e-010
0.744 0.0093266 -0.031078 0.00341522 0.000482921 0.00392029 5.88092e-010
0.745 0.00929444 -0.0318047 0.00339192 0.000505771 0.00392026 5.87986e-010
0.746 0.00926155 -0.0325291 0.00336818 0.00052907 0.00392022 5.87906e-010
0.747 0.00922794 -0.0332509 0.003344 0.000552813 0.00392019 5.87851e-010
0.748 0.00919361 -0.0339703 0.00331939 0.000576991 0.00392016 5.87821e-010
0.749 0.00915856 -0.0346871 0.00329436 0.000601597 0.00392013 5.87816e-010
0.75 0.0091228 -0.0354013 0.00326892 0.000626625 0.0039201 5.87836e-010
0.751 0.00908634 -0.0361127 0.00324308 0.000652065 0.00392006 5.8788e-010
0.752 0.00904916 -0.0368215 0.00321683 0.000677911 0.00392003 5.87948e-010
0.753 0.00901128 -0.0375275 0.0031902 0.000704155 0.00392 5.88041e-010
0.754 0.0089727 -0.0382306 0.00316318 0.000730788 0.00391996 5.88156e-010
0.755 0.00893342 -0.0389308 0.00313579 0.000757804 0.00391993 5.88295e-010
0.756 0.00889344 -0.0396281 0.00310804 0.000785192 0.00391989 5.88457e-010
0.757 0.00885277 -0.0403223 0.00307993 0.000812946 0.00391986 5.88641e-010
0.758 0.00881142 -0.0410136 0.00305147 0.000841056 0.00391982 5.88847e-010
0.759 0.00876937 -0.0417017 0.00302267 0.000869514 0.00391978 5.89074e-010
0.76 0.00872664 -0.0423866 0.00299354 0.000898311 0.00391975 5.89322e-010
0.761 0.00868323 -0.0430683 0.00296409 0.00092744 0.00391971 5.89591e-010
0.762 0.00863915 -0.0437468 0.00293433 0.00095689 0.00391967 5.89879e-010
0.763 0.00859439 -0.0444219 0.00290426 0.000986652 0.00391963 5.90187e-010
0.764 0.00854896 -0.0450937 0.0028739 0.00101672 0.0039196 5.90513e-010
0.765 0.00850287 -0.045762 0.00284325 0.00104708 0.00391956 5.90857e-010
0.766 0.00845611 -0.0464268 0.00281233 0.00107773 0.00391952 5.91218e-010
0.767 0.00840869 -0.0470882 0.00278114 0.00110865 0.00391948 5.91596e-010
0.768 0.00836062 -0.0477459 0.0027497 0.00113984 0.00391944 5.9199e-010
0.769 0.00831189 -0.0484 0.002718 0.00117128 0.0039194 5.92399e-010
0.77 0.00826252 -0.0490505 0.00268607 0.00120297 0.00391936 5.92823e-010
0.771 0.0082125 -0.0496972 0.00265391 0.0012349 0.00391932 5.93261e-010
0.772 0.00816184 -0.0503401 0.00262154 0.00126706 0.00391928 5.93711e-010
0.773 0.00811054 -0.0509792 0.00258895 0.00129944 0.00391924 5.94174e-010
0.774 0.00805861 -0.0516144 0.00255617 0.00133202 0.0039192 5.94648e-010
0.775 0.00800605 -0.0522457 0.0025232 0.0013648 0.00391916 5.95133e-010
0.776 0.00795286 -0.052873 0.00249005 0.00139778 0.00391912 5.95628e-010
0.777 0.00789905 -0.0534962 0.00245673 0.00143092 0.00391908 5.96132e-010
0.778 0.00784463 -0.0541154 0.00242326 0.00146424 0.00391904 5.96644e-010
0.779 0.00778959 -0.0547305 0.00238964 0.00149771 0.003919 5.97163e-010
0.78 0.00773395 -0.0553413 0.00235588 0.00153133 0.00391896 5.97689e-010
0.781 0.0076777 -0.055948 0.002322 0.00156509 0.00391892 5.98221e-010
0.782 0.00762085 -0.0565504 0.002288 0.00159897 0.00391888 5.98757e-010
0.783 0.0075634 -0.0571484 0.00225389 0.00163297 0.00391884 5.99297e-010
0.784 0.00750536 -0.0577421 0.00221969 0.00166708 0.0039188 5.99841e-010
0.785 0.00744674 -0.0583314 0.0021854 0.00170128 0.00391876 6.00386e-010
0.786 0.00738753 -0.0589163 0.00215105 0.00173556 0.00391872 6.00934e-010
0.787 0.00732774 -0.0594966 0.00211662 0.00176992 0.00391868 6.01481e-010
0.788 0.00726739 -0.0600723 0.00208215 0.00180434 0.00391863 6.02028e-010
0.789 0.00720646 -0.0606435 0.00204763 0.00183882 0.00391859 6.02574e-010
0.79 0.00714496 -0.06121 0.00201308 0.00187333 0.00391855 6.03118e-010
0.791 0.00708291 -0.0617719 0.00197851 0.00190788 0.00391851 6.03659e-010
0.792 0.00702031 -0.062329 0.00194393 0.00194245 0.00391847 6.04196e-010
0.793 0.00695715 -0.0628813 0.00190936 0.00197703 0.00391843 6.04729e-010
0.794 0.00689345 -0.0634288 0.00187479 0.00201161 0.00391839 6.05256e-010
0.795 0.00682921 -0.0639714 0.00184024 0.00204617 0.00391835 6.05777e-010
0.796 0.00676443 -0.0645092 0.00180573 0.00208072 0.00391831 6.0629e-010
0.797 0.00669912 -0.0650419 0.00177127 0.00211523 0.00391827 6.06796e-010
0.798 0.00663329 -0.0655697 0.00173685 0.00214969 0.00391823 6.07293e-010
0.799 0.00656694 -0.0660925 0.0017025 0.00218411 0.00391819 6.07781e-010
0.8 0.00650007 -0.0666101 0.00166823 0.00221845 0.00391815 6.08258e-010
0.801 0.00643269 -0.0671227 0.00163405 0.00225273 0.00391811 6.08724e-010
0.802 0.00636481 -0.06763 0.00159996 0.00228691 0.00391807 6.09179e-010
0.803 0.00629643 -0.0681322 0.00156598 0.002321 0.00391804 6.09621e-010
0.804 0.00622755 -0.0686291 0.00153211 0.00235498 0.003918 6.10051e-010
0.805 0.00615819 -0.0691208 0.00149838 0.00238884 0.00391796 6.10466e-010
0.806 0.00608834 -0.0696071 0.00146479 0.00242257 0.00391792 6.10867e-010
0.807 0.00601801 -0.070088 0.00143134 0.00245617 0.00391788 6.11253e-010
0.808 0.00594721 -0.0705636 0.00139806 0.00248961 0.00391785 6.11623e-010
0.809 0.00587594 -0.0710337 0.00136495 0.00252289 0.00391781 6.11976e-010
0.81 0.00580422 -0.0714983 0.00133202 0.002556 0.00391777 6.12313e-010
0.811 0.00573203 -0.0719574 0.00129928 0.00258893 0.00391774 6.12633e-010
0.812 0.00565939 -0.0724109 0.00126674 0.00262167 0.0039177 6.12934e-010
0.813 0.00558631 -0.0728589 0.00123442 0.00265421 0.00391766 6.13217e-010
0.814 0.00551279 -0.0733012 0.00120232 0.00268653 0.00391763 6.13481e-010
0.815 0.00543884 -0.0737378 0.00117045 0.00271863 0.00391759 6.13726e-010
0.816 0.00536445 -0.0741687 0.00113882 0.0027505 0.00391756 6.13951e-010
0.817 0.00528965 -0.0745939 0.00110745 0.00278213 0.00391753 6.14155e-010
0.818 0.00521443 -0.0750133 0.00107634 0.0028135 0.00391749 6.14339e-010
0.819 0.00513879 -0.0754269 0.0010455 0.00284461 0.00391746 6.14502e-010
0.82 0.00506276 -0.0758347 0.00101494 0.00287545 0.00391743 6.14644e-010
0.821 0.00498632 -0.0762365 0.000984675 0.002906 0.00391739 6.14765e-010
0.822 0.00490949 -0.0766325 0.000954712 0.00293627 0.00391736 6.14863e-010
0.823 0.00483228 -0.0770225 0.00092506 0.00296623 0.00391733 6.1494e-010
0.824 0.00475468 -0.0774065 0.000895728 0.00299588 0.0039173 6.14994e-010
0.825 0.00467671 -0.0777845 0.000866725 0.00302521 0.00391727 6.15026e-010
0.826 0.00459837 -0.0781565 0.000838062 0.00305422 0.00391724 6.15036e-010
0.827 0.00451966 -0.0785223 0.000809747 0.00308288 0.00391721 6.15023e-010
0.828 0.0044406 -0.0788821 0.000781789 0.00311119 0.00391718 6.14987e-010
0.829 0.00436119 -0.0792357 0.000754197 0.00313915 0.00391715 6.14929e-010
0.83 0.00428144 -0.0795832 0.000726981 0.00316674 0.00391712 6.14848e-010
0.831 0.00420134 -0.0799244 0.000700147 0.00319396 0.00391709 6.14744e-010
0.832 0.00412092 -0.0802595 0.000673707 0.00322079 0.00391707 6.14617e-010
0.833 0.00404017 -0.0805882 0.000647667 0.00324723 0.00391704 6.14468e-010
0.834 0.0039591 -0.0809107 0.000622036 0.00327327 0.00391701 6.14296e-010
0.835 0.00387771 -0.0812269 0.000596823 0.0032989 0.00391699 6.14103e-010
0.836 0.00379602 -0.0815367 0.000572035 0.00332411 0.00391696 6.13887e-010
0.837 0.00371403 -0.0818401 0.000547681 0.0033489 0.00391694 6.13649e-010
0.838 0.00363175 -0.0821371 0.000523768 0.00337325 0.00391692 6.13389e-010
0.839 0.00354918 -0.0824277 0.000500304 0.00339717 0.00391689 6.13108e-010
0.84 0.00346632 -0.0827119 0.000477298 0.00342063 0.00391687 6.12805e-010
0.841 0.0033832 -0.0829896 0.000454755 0.00344364 0.00391685 6.12482e-010
0.842 0.0032998 -0.0832608 0.000432685 0.00346618 0.00391683 6.12138e-010
0.843 0.00321615 -0.0835254 0.000411093 0.00348825 0.00391681 6.11774e-010
0.844 0.00313224 -0.0837835 0.000389987 0.00350984 0.00391679 6.11391e-010
0.845 0.00304808 -0.0840351 0.000369373 0.00353095 0.00391677 6.10988e-010
0.846 0.00296368 -0.08428 0.00034926 0.00355156 0.00391675 6.10566e-010
0.847 0.00287904 -0.0845183 0.000329652 0.00357167 0.00391673 6.10126e-010
0.848 0.00279418 -0.08475 0.000310557 0.00359128 0.00391671 6.09668e-010
0.849 0.00270909 -0.084975 0.000291981 0.00361037 0.00391669 6.09193e-010
0.85 0.00262379 -0.0851933 0.00027393 0.00362895 0.00391668 6.087e-010
0.851 0.00253828 -0.0854049 0.00025641 0.003647 0.00391666 6.08192e-010
0.852 0.00245257 -0.0856098 0.000239427 0.00366452 0.00391665 6.07668e-010
0.853 0.00236666 -0.0858079 0.000222986 0.0036815 0.00391663 6.07129e-010
0.854 0.00228057 -0.0859993 0.000207094 0.00369794 0.00391662 6.06576e-010
0.855 0.0021943 -0.0861839 0.000191754 0.00371383 0.00391661 6.0601e-010
0.856 0.00210785 -0.0863617 0.000176973 0.00372917 0.00391659 6.0543e-010
0.857 0.00202123 -0.0865327 0.000162756 0.00374395 0.00391658 6.04838e-010
0.858 0.00193445 -0.0866968 0.000149107 0.00375817 0.00391657 6.04234e-010
0.859 0.00184752 -0.0868541 0.00013603 0.00377182 0.00391656 6.0362e-010
0.86 0.00176044 -0.0870046 0.000123531 0.0037849 0.00391655 6.02995e-010
0.861 0.00167323 -0.0871481 0.000111613 0.0037974 0.00391654 6.02362e-010
0.862 0.00158588 -0.0872847 0.000100282 0.00380931 0.00391654 6.0172e-010
0.863 0.0014984 -0.0874145 8.95392e-005 0.00382064 0.00391653 6.0107e-010
0.864 0.0014108 -0.0875373 7.93901e-005 0.00383139 0.00391652 6.00413e-010
0.865 0.00132309 -0.0876531 6.98378e-005 0.00384154 0.00391652 5.9975e-010
0.866 0.00123528 -0.087762 6.08858e-005 0.00385109 0.00391651 5.99082e-010
0.867 0.00114736 -0.087864 5.25371e-005 0.00386004 0.00391651 5.9841e-010
0.868 0.00105936 -0.0879589 4.47947e-005 0.00386839 0.0039165 5.97734e-010
0.869 0.00097127 -0.0880469 3.76614e-005 0.00387613 0.0039165 5.97055e-010
0.87 0.000883103 -0.0881279 3.11398e-005 0.00388326 0.0039165 5.96375e-010
0.871 0.000794866 -0.0882019 2.52323e-005 0.00388978 0.0039165 5.95694e-010
0.872 0.000706566 -0.0882688 1.99412e-005 0.00389569 0.00391649 5.95012e-010
0.873 0.000618209 -0.0883287 1.52684e-005 0.00390098 0.00391649 5.94331e-010
0.874 0.000529802 -0.0883816 1.12157e-005 0.00390566 0.00391649 5.93652e-010
0.875 0.000441354 -0.0884275 7.78485e-006 0.00390971 0.0039165 5.92976e-010
0.876 0.00035287 -0.0884663 4.97717e-006 0.00391314 0.0039165 5.92303e-010
0.877 0.000264358 -0.088498 2.79392e-006 0.00391595 0.0039165 5.91634e-010
0.878 0.000175824 -0.0885226 1.23614e-006 0.00391813 0.0039165 5.9097e-010
0.879 8.72772e-005 -0.0885402 3.04639e-007 0.00391969 0.00391651 5.90312e-010
0.88 -1.27704e-006 -0.0885508 6.5233e-011 0.00392062 0.00391651 5.89661e-010
0.881 -8.98312e-005 -0.0885542 3.22844e-007 0.00392092 0.00391652 5.89018e-010
0.882 -0.000178378 -0.0885506 1.2732e-006 0.0039206 0.00391652 5.88383e-010
0.883 -0.000266911 -0.0885398 2.85118e-006 0.00391965 0.00391653 5.87758e-010
0.884 -0.000355422 -0.088522 5.05659e-006 0.00391807 0.00391654 5.87143e-010
0.885 -0.000443905 -0.0884971 7.88907e-006 0.00391587 0.00391655 5.86539e-010
0.886 -0.000532352 -0.0884651 1.1348e-005 0.00391303 0.00391655 5.85947e-010
0.887 -0.000620757 -0.088426 1.54327e-005 0.00390958 0.00391656 5.85367e-010
0.888 -0.000709112 -0.0883798 2.01421e-005 0.00390549 0.00391657 5.84801e-010
0.889 -0.00079741 -0.0883265 2.54751e-005 0.00390078 0.00391659 5.84249e-010
0.89 -0.000885644 -0.0882661 3.14302e-005 0.00389545 0.0039166 5.83712e-010
0.891 -0.000973807 -0.0881986 3.8006e-005 0.00388949 0.00391661 5.83191e-010
0.892 -0.00106189 -0.088124 4.52005e-005 0.00388292 0.00391662 5.82686e-010
0.893 -0.00114989 -0.0880423 5.30118e-005 0.00387572 0.00391664 5.82198e-010
0.894 -0.0012378 -0.0879535 6.14378e-005 0.00386791 0.00391665 5.81727e-010
0.895 -0.00132561 -0.0878577 7.0476e-005 0.00385949 0.00391666 5.81275e-010
0.896 -0.00141331 -0.0877548 8.01238e-005 0.00385045 0.00391668 5.80843e-010
0.897 -0.0015009 -0.0876447 9.03786e-005 0.0038408 0.0039167 5.80429e-010
0.898 -0.00158836 -0.0875277 0.000101237 0.00383055 0.00391671 5.80036e-010
0.899 -0.0016757 -0.0874035 0.000112696 0.00381969 0.00391673 5.79664e-010
0.9 -0.00176291 -0.0872723 0.000124753 0.00380823 0.00391675 5.79313e-010
0.901 -0.00184997 -0.0871341 0.000137403 0.00379617 0.00391677 5.78984e-010
0.902 -0.00193689 -0.0869888 0.000150644 0.00378352 0.00391679 5.78678e-010
0.903 -0.00202364 -0.0868364 0.00016447 0.00377028 0.00391681 5.78394e-010
0.904 -0.00211024 -0.0866771 0.000178878 0.00375646 0.00391683 5.78133e-010
0.905 -0.00219667 -0.0865107 0.000193864 0.00374205 0.00391685 5.77896e-010
0.906 -0.00228291 -0.0863373 0.000209422 0.00372706 0.00391687 5.77683e-010
0.907 -0.00236898 -0.0861569 0.000225549 0.0037115 0.00391689 5.77495e-010
0.908 -0.00245485 -0.0859695 0.000242239 0.00369538 0.00391691 5.77331e-010
0.909 -0.00254053 -0.0857752 0.000259487 0.00367869 0.00391694 5.77192e-010
0.91 -0.002626 -0.0855738 0.000277288 0.00366144 0.00391696 5.77079e-010
0.911 -0.00271126 -0.0853656 0.000295637 0.00364364 0.00391699 5.76991e-010
0.912 -0.0027963 -0.0851504 0.000314527 0.00362529 0.00391701 5.76928e-010
0.913 -0.00288112 -0.0849282 0.000333953 0.0036064 0.00391704 5.76892e-010
0.914 -0.0029657 -0.0846992 0.000353909 0.00358698 0.00391706 5.76882e-010
0.915 -0.00305004 -0.0844633 0.000374389 0.00356702 0.00391709 5.76898e-010
0.916 -0.00313414 -0.0842204 0.000395386 0.00354654 0.00391712 5.7694e-010
0.917 -0.00321799 -0.0839708 0.000416893 0.00352554 0.00391714 5.77008e-010
0.918 -0.00330157 -0.0837142 0.000438905 0.00350404 0.00391717 5.77103e-010
0.919 -0.00338489 -0.0834509 0.000461413 0.00348203 0.0039172 5.77224e-010
0.92 -0.00346793 -0.0831807 0.000484412 0.00345952 0.00391723 5.77371e-010
0.921 -0.00355069 -0.0829038 0.000507893 0.00343652 0.00391726 5.77545e-010
0.922 -0.00363317 -0.0826201 0.00053185 0.00341304 0.00391729 5.77745e-010
0.923 -0.00371535 -0.0823296 0.000556275 0.00338908 0.00391732 5.7797e-010
0.924 -0.00379724 -0.0820324 0.00058116 0.00336466 0.00391735 5.78221e-010
0.925 -0.00387881 -0.0817285 0.000606497 0.00333977 0.00391738 5.78498e-010
0.926 -0.00396007 -0.0814179 0.000632278 0.00331444 0.00391741 5.78801e-010
0.927 -0.00404101 -0.0811006 0.000658495 0.00328866 0.00391745 5.79128e-010
0.928 -0.00412163 -0.0807767 0.00068514 0.00326244 0.00391748 5.7948e-010
0.929 -0.0042019 -0.0804462 0.000712204 0.0032358 0.00391751 5.79856e-010
0.93 -0.00428184 -0.0801091 0.000739679 0.00320873 0.00391754 5.80257e-010
0.931 -0.00436144 -0.0797654 0.000767556 0.00318126 0.00391758 5.80681e-010
0.932 -0.00444067 -0.0794151 0.000795825 0.00315338 0.00391761 5.81129e-010
0.933 -0.00451955 -0.0790584 0.000824479 0.00312511 0.00391765 5.81599e-010
0.934 -0.00459806 -0.0786951 0.000853507 0.00309646 0.00391768 5.82092e-010
0.935 -0.0046762 -0.0783254 0.0008829 0.00306743 0.00391771 5.82607e-010
0.936 -0.00475396 -0.0779492 0.000912649 0.00303804 0.00391775 5.83143e-010
0.937 -0.00483134 -0.0775666 0.000942745 0.00300829 0.00391779 5.837e-010
0.938 -0.00490832 -0.0771777 0.000973178 0.0029782 0.00391782 5.84277e-010
0.939 -0.0049849 -0.0767823 0.00100394 0.00294776 0.00391786 5.84874e-010
0.94 -0.00506108 -0.0763807 0.00103501 0.00291701 0.00391789 5.8549e-010
0.941 -0.00513685 -0.0759728 0.0010664 0.00288593 0.00391793 5.86125e-010
0.942 -0.0052122 -0.0755585 0.00109808 0.00285455 0.00391797 5.86777e-010
0.943 -0.00528712 -0.0751381 0.00113004 0.00282287 0.003918 5.87446e-010
0.944 -0.00536162 -0.0747115 0.00116229 0.0027909 0.00391804 5.88132e-010
0.945 -0.00543568 -0.0742787 0.0011948 0.00275866 0.00391808 5.88833e-010
0.946 -0.0055093 -0.0738397 0.00122756 0.00272615 0.00391812 5.89549e-010
0.947 -0.00558247 -0.0733947 0.00126057 0.00269339 0.00391815 5.90279e-010
0.948 -0.00565519 -0.0729435 0.00129381 0.00266038 0.00391819 5.91022e-010
0.949 -0.00572744 -0.0724864 0.00132728 0.00262714 0.00391823 5.91778e-010
0.95 -0.00579923 -0.0720232 0.00136095 0.00259367 0.00391827 5.92546e-010
0.951 -0.00587055 -0.0715541 0.00139483 0.00256 0.00391831 5.93325e-010
0.952 -0.00594139 -0.0710791 0.0014289 0.00252612 0.00391835 5.94114e-010
0.953 -0.00601175 -0.0705982 0.00146315 0.00249205 0.00391838 5.94911e-010
0.954 -0.00608161 -0.0701114 0.00149756 0.0024578 0.00391842 5.95718e-010
0.955 -0.00615098 -0.0696188 0.00153214 0.00242339 0.00391846 5.96532e-010
0.956 -0.00621985 -0.0691204 0.00156685 0.00238882 0.0039185 5.97352e-010
0.957 -0.00628822 -0.0686163 0.00160171 0.0023541 0.00391854 5.98178e-010
0.958 -0.00635607 -0.0681065 0.00163668 0.00231925 0.00391858 5.99009e-010
0.959 -0.0064234 -0.0675911 0.00167176 0.00228428 0.00391862 5.99844e-010
0.96 -0.00649021 -0.06707 0.00170695 0.00224919 0.00391866 6.00682e-010
0.961 -0.00655649 -0.0665433 0.00174222 0.00221401 0.0039187 6.01522e-010
0.962 -0.00662223 -0.0660111 0.00177757 0.00217874 0.00391873 6.02363e-010
0.963 -0.00668743 -0.0654735 0.00181298 0.00214339 0.00391877 6.03204e-010
0.964 -0.00675209 -0.0649303 0.00184845 0.00210797 0.00391881 6.04045e-010
0.965 -0.0068162 -0.0643818 0.00188396 0.00207251 0.00391885 6.04885e-010
0.966 -0.00687975 -0.0638279 0.0019195 0.002037 0.00391889 6.05722e-010
0.967 -0.00694273 -0.0632687 0.00195505 0.00200146 0.00391893 6.06556e-010
0.968 -0.00700515 -0.0627042 0.00199061 0.00196591 0.00391897 6.07385e-010
0.969 -0.007067 -0.0621345 0.00202617 0.00193035 0.00391901 6.0821e-010
0.97 -0.00712827 -0.0615596 0.00206171 0.00189479 0.00391905 6.09028e-010
0.971 -0.00718896 -0.0609796 0.00209722 0.00185925 0.00391908 6.0984e-010
0.972 -0.00724906 -0.0603944 0.00213269 0.00182374 0.00391912 6.10644e-010
0.973 -0.00730857 -0.0598043 0.00216811 0.00178828 0.00391916 6.1144e-010
0.974 -0.00736748 -0.0592091 0.00220346 0.00175286 0.0039192 6.12226e-010
0.975 -0.00742579 -0.058609 0.00223874 0.00171751 0.00391924 6.13002e-010
0.976 -0.00748349 -0.058004 0.00227393 0.00168223 0.00391927 6.13766e-010
0.977 -0.00754058 -0.0573941 0.00230902 0.00164704 0.00391931 6.1452e-010
0.978 -0.00759705 -0.0567794 0.002344 0.00161195 0.00391935 6.1526e-010
0.979 -0.0076529 -0.05616 0.00237885 0.00157697 0.00391939 6.15987e-010
0.98 -0.00770812 -0.0555359 0.00241357 0.00154212 0.00391942 6.167e-010
0.981 -0.00776271 -0.0549071 0.00244815 0.0015074 0.00391946 6.17398e-010
0.982 -0.00781667 -0.0542738 0.00248257 0.00147282 0.0039195 6.18081e-010
0.983 -0.00786998 -0.0536359 0.00251682 0.0014384 0.00391953 6.18747e-010
0.984 -0.00792265 -0.0529934 0.00255089 0.00140415 0.00391957 6.19397e-010
0.985 -0.00797468 -0.0523466 0.00258477 0.00137008 0.00391961 6.20029e-010
0.986 -0.00802604 -0.0516953 0.00261845 0.0013362 0.00391964 6.20642e-010
0.987 -0.00807676 -0.0510398 0.00265191 0.00130253 0.00391968 6.21237e-010
0.988 -0.0081268 -0.0503799 0.00268515 0.00126907 0.00391971 6.21813e-010
0.989 -0.00817619 -0.0497158 0.00271815 0.00123583 0.00391975 6.22368e-010
0.99 -0.0082249 -0.0490475 0.0027509 0.00120283 0.00391978 6.22903e-010
0.991 -0.00827294 -0.0483751 0.0027834 0.00117008 0.00391981 6.23418e-010
0.992 -0.0083203 -0.0476987 0.00281562 0.00113758 0.00391985 6.2391e-010
0.993 -0.00836697 -0.0470182 0.00284757 0.00110536 0.00391988 6.24381e-010
0.994 -0.00841296 -0.0463338 0.00287923 0.00107341 0.00391991 6.2483e-010
0.995 -0.00845826 -0.0456455 0.00291058 0.00104176 0.00391995 6.25256e-010
0.996 -0.00850287 -0.0449533 0.00294162 0.0010104 0.00391998 6.25659e-010
0.997 -0.00854678 -0.0442574 0.00297234 0.000979358 0.00392001 6.26038e-010
0.998 -0.00858999 -0.0435577 0.00300273 0.000948638 0.00392004 6.26394e-010
0.999 -0.00863249 -0.0428544 0.00303278 0.00091825 0.00392007 6.26726e-010
