-0.5 10 29.5249 0.00392093
-0.499 9.96004 29.3386 0.00392093
-0.498 9.92016 29.1532 0.00392093
-0.497 9.88036 28.9688 0.00392093
-0.496 9.84064 28.7853 0.00392093
-0.495 9.801 28.6027 0.00392093
-0.494 9.76144 28.4212 0.00392093
-0.493 9.72196 28.2405 0.00392093
-0.492 9.68256 28.0608 0.00392093
-0.491 9.64324 27.882 0.00392093
-0.49 9.604 27.7041 0.00392093
-0.489 9.56484 27.5272 0.00392093
-0.488 9.52576 27.3512 0.00392093
-0.487 9.48676 27.1761 0.00392093
-0.486 9.44784 27.0019 0.00392093
-0.485 9.409 26.8286 0.00392093
-0.484 9.37024 26.6562 0.00392093
-0.483 9.33156 26.4848 0.00392093
-0.482 9.29296 26.3142 0.00392093
-0.481 9.25444 26.1445 0.00392093
-0.48 9.216 25.9757 0.00392093
-0.479 9.17764 25.8077 0.00392093
-0.478 9.13936 25.6407 0.00392093
-0.477 9.10116 25.4745 0.00392093
-0.476 9.06304 25.3092 0.00392093
-0.475 9.025 25.1448 0.00392093
-0.474 8.98704 24.9812 0.00392093
-0.473 8.94916 24.8185 0.00392093
-0.472 8.91136 24.6566 0.00392093
-0.471 8.87364 24.4956 0.00392093
-0.47 8.836 24.3354 0.00392093
-0.469 8.79844 24.1761 0.00392093
-0.468 8.76096 24.0176 0.00392093
-0.467 8.72356 23.86 0.00392093
-0.466 8.68624 23.7032 0.00392093
-0.465 8.649 23.5472 0.00392093
-0.464 8.61184 23.392 0.00392093
-0.463 8.57476 23.2377 0.00392093
-0.462 8.53776 23.0842 0.00392093
-0.461 8.50084 22.9315 0.00392093
-0.46 8.464 22.7796 0.00392093
-0.459 8.42724 22.6285 0.00392093
-0.458 8.39056 22.4782 0.00392093
-0.457 8.35396 22.3287 0.00392093
-0.456 8.31744 22.18 0.00392093
-0.455 8.281 22.0321 0.00392093
-0.454 8.24464 21.885 0.00392093
-0.453 8.20836 21.7387 0.00392093
-0.452 8.17216 21.5932 0.00392093
-0.451 8.13604 21.4484 0.00392093
-0.45 8.1 21.3044 0.00392093
-0.449 8.06404 21.1612 0.00392093
-0.448 8.02816 21.0187 0.00392093
-0.447 7.99236 20.8771 0.00392093
-0.446 7.95664 20.7361 0.00392093
-0.445 7.921 20.596 0.00392093
-0.444 7.88544 20.4566 0.00392093
-0.443 7.84996 20.3179 0.00392093
-0.442 7.81456 20.18 0.00392093
-0.441 7.77924 20.0428 0.00392093
-0.44 7.744 19.9064 0.00392093
-0.439 7.70884 19.7707 0.00392093
-0.438 7.67376 19.6357 0.00392093
-0.437 7.63876 19.5015 0.00392093
-0.436 7.60384 19.368 0.00392093
-0.435 7.569 19.2352 0.00392093
-0.434 7.53424 19.1032 0.00392093
-0.433 7.49956 18.9718 0.00392093
-0.432 7.46496 18.8412 0.00392093
-0.431 7.43044 18.7113 0.00392093
-0.43 7.396 18.5821 0.00392093
-0.429 7.36164 18.4536 0.00392093
-0.428 7.32736 18.3258 0.00392093
-0.427 7.29316 18.1987 0.00392093
-0.426 7.25904 18.0723 0.00392093
-0.425 7.225 17.9465 0.00392093
-0.424 7.19104 17.8215 0.00392093
-0.423 7.15716 17.6972 0.00392093
-0.422 7.12336 17.5735 0.00392093
-0.421 7.08964 17.4505 0.00392093
-0.42 7.056 17.3282 0.00392093
-0.419 7.02244 17.2066 0.00392093
-0.418 6.98896 17.0856 0.00392093
-0.417 6.95556 16.9653 0.00392093
-0.416 6.92224 16.8457 0.00392093
-0.415 6.889 16.7267 0.00392093
-0.414 6.85584 16.6084 0.00392093
-0.413 6.82276 16.4908 0.00392093
-0.412 6.78976 16.3738 0.00392093
-0.411 6.75684 16.2574 0.00392093
-0.41 6.724 16.1417 0.00392093
-0.409 6.69124 16.0266 0.00392093
-0.408 6.65856 15.9122 0.00392093
-0.407 6.62596 15.7984 0.00392093
-0.406 6.59344 15.6853 0.00392093
-0.405 6.561 15.5727 0.00392093
-0.404 6.52864 15.4608 0.00392093
-0.403 6.49636 15.3496 0.00392093
-0.402 6.46416 15.2389 0.00392093
-0.401 6.43204 15.1289 0.00392093
-0.4 6.4 15.0195 0.00392093
-0.399 6.36804 14.9107 0.00392093
-0.398 6.33616 14.8025 0.00392093
-0.397 6.30436 14.695 0.00392093
-0.396 6.27264 14.588 0.00392093
-0.395 6.241 14.4816 0.00392093
-0.394 6.20944 14.3759 0.00392093
-0.393 6.17796 14.2707 0.00392093
-0.392 6.14656 14.1661 0.00392093
-0.391 6.11524 14.0622 0.00392093
-0.39 6.084 13.9588 0.00392093
-0.389 6.05284 13.856 0.00392093
-0.388 6.02176 13.7537 0.00392093
-0.387 5.99076 13.6521 0.00392093
-0.386 5.95984 13.5511 0.00392093
-0.385 5.929 13.4506 0.00392093
-0.384 5.89824 13.3507 0.00392093
-0.383 5.86756 13.2513 0.00392093
-0.382 5.83696 13.1526 0.00392093
-0.381 5.80644 13.0544 0.00392093
-0.38 5.776 12.9567 0.00392093
-0.379 5.74564 12.8596 0.00392093
-0.378 5.71536 12.7631 0.00392093
-0.377 5.68516 12.6672 0.00392093
-0.376 5.65504 12.5718 0.00392093
-0.375 5.625 12.4769 0.00392093
-0.374 5.59504 12.3826 0.00392093
-0.373 5.56516 12.2888 0.00392093
-0.372 5.53536 12.1956 0.00392093
-0.371 5.50564 12.1029 0.00392093
-0.37 5.476 12.0107 0.00392093
-0.369 5.44644 11.9191 0.00392093
-0.368 5.41696 11.8281 0.00392093
-0.367 5.38756 11.7375 0.00392093
-0.366 5.35824 11.6475 0.00392093
-0.365 5.329 11.558 0.00392093
-0.364 5.29984 11.469 0.00392093
-0.363 5.27076 11.3806 0.00392093
-0.362 5.24176 11.2926 0.00392093
-0.361 5.21284 11.2052 0.00392093
-0.36 5.184 11.1183 0.00392093
-0.359 5.15524 11.0319 0.00392093
-0.358 5.12656 10.946 0.00392093
-0.357 5.09796 10.8606 0.00392093
-0.356 5.06944 10.7758 0.00392093
-0.355 5.041 10.6914 0.00392093
-0.354 5.01264 10.6075 0.00392093
-0.353 4.98436 10.5241 0.00392093
-0.352 4.95616 10.4412 0.00392093
-0.351 4.92804 10.3588 0.00392093
-0.35 4.9 10.2769 0.00392093
-0.349 4.87204 10.1955 0.00392093
-0.348 4.84416 10.1146 0.00392093
-0.347 4.81636 10.0342 0.00392093
-0.346 4.78864 9.95419 0.00392093
-0.345 4.761 9.87471 0.00392093
-0.344 4.73344 9.7957 0.00392093
-0.343 4.70596 9.71716 0.00392093
-0.342 4.67856 9.6391 0.00392093
-0.341 4.65124 9.5615 0.00392093
-0.34 4.624 9.48438 0.00392093
-0.339 4.59684 9.40772 0.00392093
-0.338 4.56976 9.33152 0.00392093
-0.337 4.54276 9.25579 0.00392093
-0.336 4.51584 9.18051 0.00392093
-0.335 4.489 9.10569 0.00392093
-0.334 4.46224 9.03132 0.00392093
-0.333 4.43556 8.95741 0.00392093
-0.332 4.40896 8.88395 0.00392093
-0.331 4.38244 8.81093 0.00392093
-0.33 4.356 8.73837 0.00392093
-0.329 4.32964 8.66624 0.00392093
-0.328 4.30336 8.59456 0.00392093
-0.327 4.27716 8.52332 0.00392093
-0.326 4.25104 8.45252 0.00392093
-0.325 4.225 8.38215 0.00392093
-0.324 4.19904 8.31222 0.00392093
-0.323 4.17316 8.24271 0.00392093
-0.322 4.14736 8.17364 0.00392093
-0.321 4.12164 8.105 0.00392093
-0.32 4.096 8.03678 0.00392093
-0.319 4.07044 7.96898 0.00392093
-0.318 4.04496 7.90161 0.00392093
-0.317 4.01956 7.83466 0.00392093
-0.316 3.99424 7.76812 0.00392093
-0.315 3.969 7.702 0.00392093
-0.314 3.94384 7.6363 0.00392093
-0.313 3.91876 7.571 0.00392093
-0.312 3.89376 7.50612 0.00392093
-0.311 3.86884 7.44164 0.00392093
-0.31 3.844 7.37757 0.00392093
-0.309 3.81924 7.31391 0.00392093
-0.308 3.79456 7.25064 0.00392093
-0.307 3.76996 7.18778 0.00392093
-0.306 3.74544 7.12532 0.00392093
-0.305 3.721 7.06325 0.00392093
-0.304 3.69664 7.00158 0.00392093
-0.303 3.67236 6.9403 0.00392093
-0.302 3.64816 6.87941 0.00392093
-0.301 3.62404 6.81891 0.00392093
-0.3 3.6 6.75879 0.00392093
-0.299 3.57604 6.69907 0.00392093
-0.298 3.55216 6.63972 0.00392093
-0.297 3.52836 6.58076 0.00392093
-0.296 3.50464 6.52218 0.00392093
-0.295 3.481 6.46397 0.00392093
-0.294 3.45744 6.40615 0.00392093
-0.293 3.43396 6.34869 0.00392093
-0.292 3.41056 6.29161 0.00392093
-0.291 3.38724 6.2349 0.00392093
-0.29 3.364 6.17856 0.00392093
-0.289 3.34084 6.12259 0.00392093
-0.288 3.31776 6.06699 0.00392093
-0.287 3.29476 6.01174 0.00392093
-0.286 3.27184 5.95686 0.00392093
-0.285 3.249 5.90234 0.00392093
-0.284 3.22624 5.84818 0.00392093
-0.283 3.20356 5.79438 0.00392093
-0.282 3.18096 5.74093 0.00392093
-0.281 3.15844 5.68783 0.00392093
-0.28 3.136 5.63509 0.00392093
-0.279 3.11364 5.5827 0.00392093
-0.278 3.09136 5.53066 0.00392093
-0.277 3.06916 5.47896 0.00392093
-0.276 3.04704 5.42761 0.00392093
-0.275 3.025 5.3766 0.00392093
-0.274 3.00304 5.32593 0.00392093
-0.273 2.98116 5.27561 0.00392093
-0.272 2.95936 5.22562 0.00392093
-0.271 2.93764 5.17597 0.00392093
-0.27 2.916 5.12666 0.00392093
-0.269 2.89444 5.07768 0.00392093
-0.268 2.87296 5.02903 0.00392093
-0.267 2.85156 4.98071 0.00392093
-0.266 2.83024 4.93272 0.00392093
-0.265 2.809 4.88506 0.00392093
-0.264 2.78784 4.83773 0.00392093
-0.263 2.76676 4.79072 0.00392093
-0.262 2.74576 4.74403 0.00392093
-0.261 2.72484 4.69766 0.00392093
-0.26 2.704 4.65162 0.00392093
-0.259 2.68324 4.60589 0.00392093
-0.258 2.66256 4.56048 0.00392093
-0.257 2.64196 4.51538 0.00392093
-0.256 2.62144 4.4706 0.00392093
-0.255 2.601 4.42612 0.00392093
-0.254 2.58064 4.38196 0.00392093
-0.253 2.56036 4.33811 0.00392093
-0.252 2.54016 4.29457 0.00392093
-0.251 2.52004 4.25133 0.00392093
-0.25 2.5 4.20839 0.00392093
-0.249 2.48004 4.16576 0.00392093
-0.248 2.46016 4.12343 0.00392093
-0.247 2.44036 4.0814 0.00392093
-0.246 2.42064 4.03967 0.00392093
-0.245 2.401 3.99824 0.00392093
-0.244 2.38144 3.9571 0.00392093
-0.243 2.36196 3.91626 0.00392093
-0.242 2.34256 3.87571 0.00392093
-0.241 2.32324 3.83545 0.00392093
-0.24 2.304 3.79548 0.00392093
-0.239 2.28484 3.7558 0.00392093
-0.238 2.26576 3.7164 0.00392093
-0.237 2.24676 3.67729 0.00392093
-0.236 2.22784 3.63847 0.00392093
-0.235 2.209 3.59993 0.00392093
-0.234 2.19024 3.56167 0.00392093
-0.233 2.17156 3.52369 0.00392093
-0.232 2.15296 3.48599 0.00392093
-0.231 2.13444 3.44857 0.00392093
-0.23 2.116 3.41142 0.00392093
-0.229 2.09764 3.37455 0.00392093
-0.228 2.07936 3.33795 0.00392093
-0.227 2.06116 3.30163 0.00392093
-0.226 2.04304 3.26557 0.00392093
-0.225 2.025 3.22979 0.00392093
-0.224 2.00704 3.19427 0.00392093
-0.223 1.98916 3.15902 0.00392093
-0.222 1.97136 3.12403 0.00392093
-0.221 1.95364 3.08931 0.00392093
-0.22 1.936 3.05485 0.00392093
-0.219 1.91844 3.02066 0.00392093
-0.218 1.90096 2.98672 0.00392093
-0.217 1.88356 2.95304 0.00392093
-0.216 1.86624 2.91962 0.00392093
-0.215 1.849 2.88646 0.00392093
-0.214 1.83184 2.85355 0.00392093
-0.213 1.81476 2.82089 0.00392093
-0.212 1.79776 2.78849 0.00392093
-0.211 1.78084 2.75634 0.00392093
-0.21 1.764 2.72444 0.00392093
-0.209 1.74724 2.69279 0.00392093
-0.208 1.73056 2.66138 0.00392093
-0.207 1.71396 2.63022 0.00392093
-0.206 1.69744 2.59931 0.00392093
-0.205 1.681 2.56864 0.00392093
-0.204 1.66464 2.53822 0.00392093
-0.203 1.64836 2.50803 0.00392093
-0.202 1.63216 2.47809 0.00392093
-0.201 1.61604 2.44838 0.00392093
-0.2 1.6 2.41892 0.00392093
-0.199 1.58404 2.38968 0.00392093
-0.198 1.56816 2.36069 0.00392093
-0.197 1.55236 2.33193 0.00392093
-0.196 1.53664 2.3034 0.00392093
-0.195 1.521 2.27511 0.00392093
-0.194 1.50544 2.24704 0.00392093
-0.193 1.48996 2.21921 0.00392093
-0.192 1.47456 2.1916 0.00392093
-0.191 1.45924 2.16422 0.00392093
-0.19 1.444 2.13707 0.00392093
-0.189 1.42884 2.11014 0.00392093
-0.188 1.41376 2.08344 0.00392093
-0.187 1.39876 2.05696 0.00392093
-0.186 1.38384 2.0307 0.00392093
-0.185 1.369 2.00466 0.00392093
-0.184 1.35424 1.97884 0.00392093
-0.183 1.33956 1.95324 0.00392093
-0.182 1.32496 1.92786 0.00392093
-0.181 1.31044 1.9027 0.00392093
-0.18 1.296 1.87774 0.00392093
-0.179 1.28164 1.85301 0.00392093
-0.178 1.26736 1.82848 0.00392093
-0.177 1.25316 1.80417 0.00392093
-0.176 1.23904 1.78007 0.00392093
-0.175 1.225 1.75618 0.00392093
-0.174 1.21104 1.73249 0.00392093
-0.173 1.19716 1.70902 0.00392093
-0.172 1.18336 1.68575 0.00392093
-0.171 1.16964 1.66268 0.00392093
-0.17 1.156 1.63983 0.00392093
-0.169 1.14244 1.61717 0.00392093
-0.168 1.12896 1.59472 0.00392093
-0.167 1.11556 1.57246 0.00392093
-0.166 1.10224 1.55041 0.00392093
-0.165 1.089 1.52856 0.00392093
-0.164 1.07584 1.50691 0.00392093
-0.163 1.06276 1.48545 0.00392093
-0.162 1.04976 1.46419 0.00392093
-0.161 1.03684 1.44312 0.00392093
-0.16 1.024 1.42225 0.00392093
-0.159 1.01124 1.40158 0.00392093
-0.158 0.99856 1.38109 0.00392093
-0.157 0.98596 1.3608 0.00392093
-0.156 0.97344 1.34069 0.00392093
-0.155 0.961 1.32078 0.00392093
-0.154 0.94864 1.30105 0.00392093
-0.153 0.93636 1.28151 0.00392093
-0.152 0.92416 1.26216 0.00392093
-0.151 0.91204 1.24299 0.00392093
-0.15 0.9 1.22401 0.00392093
-0.149 0.88804 1.20521 0.00392093
-0.148 0.87616 1.1866 0.00392093
-0.147 0.86436 1.16816 0.00392093
-0.146 0.85264 1.14991 0.00392093
-0.145 0.841 1.13183 0.00392093
-0.144 0.82944 1.11394 0.00392093
-0.143 0.81796 1.09622 0.00392093
-0.142 0.80656 1.07868 0.00392093
-0.141 0.79524 1.06132 0.00392093
-0.14 0.784 1.04413 0.00392093
-0.139 0.77284 1.02711 0.00392093
-0.138 0.76176 1.01027 0.00392093
-0.137 0.75076 0.993604 0.00392093
-0.136 0.73984 0.977106 0.00392093
-0.135 0.729 0.96078 0.00392093
-0.134 0.71824 0.944623 0.00392093
-0.133 0.70756 0.928635 0.00392093
-0.132 0.69696 0.912814 0.00392093
-0.131 0.68644 0.897161 0.00392093
-0.13 0.676 0.881675 0.00392093
-0.129 0.66564 0.866353 0.00392093
-0.128 0.65536 0.851197 0.00392093
-0.127 0.64516 0.836203 0.00392093
-0.126 0.63504 0.821373 0.00392093
-0.125 0.625 0.806704 0.00392093
-0.124 0.61504 0.792197 0.00392093
-0.123 0.60516 0.77785 0.00392093
-0.122 0.59536 0.763662 0.00392093
-0.121 0.58564 0.749633 0.00392093
-0.12 0.576 0.735761 0.00392093
-0.119 0.56644 0.722046 0.00392093
-0.118 0.55696 0.708488 0.00392093
-0.117 0.54756 0.695084 0.00392093
-0.116 0.53824 0.681835 0.00392093
-0.115 0.529 0.66874 0.00392093
-0.114 0.51984 0.655797 0.00392093
-0.113 0.51076 0.643006 0.00392093
-0.112 0.50176 0.630367 0.00392093
-0.111 0.49284 0.617877 0.00392093
-0.11 0.484 0.605538 0.00392093
-0.109 0.47524 0.593347 0.00392093
-0.108 0.46656 0.581304 0.00392093
-0.107 0.45796 0.569408 0.00392093
-0.106 0.44944 0.557658 0.00392093
-0.105 0.441 0.546054 0.00392093
-0.104 0.43264 0.534595 0.00392093
-0.103 0.42436 0.52328 0.00392093
-0.102 0.41616 0.512109 0.00392093
-0.101 0.40804 0.501079 0.00392093
-0.1 0.4 0.490192 0.00392093
-0.099 0.39204 0.479445 0.00392093
-0.098 0.38416 0.468839 0.00392093
-0.097 0.37636 0.458372 0.00392093
-0.096 0.36864 0.448044 0.00392093
-0.095 0.361 0.437854 0.00392093
-0.094 0.35344 0.427801 0.00392093
-0.093 0.34596 0.417885 0.00392093
-0.092 0.33856 0.408104 0.00392093
-0.091 0.33124 0.398458 0.00392093
-0.09 0.324 0.388947 0.00392093
-0.089 0.31684 0.379569 0.00392093
-0.088 0.30976 0.370324 0.00392093
-0.087 0.30276 0.361211 0.00392093
-0.086 0.29584 0.35223 0.00392093
-0.085 0.289 0.343379 0.00392093
-0.084 0.28224 0.334658 0.00392093
-0.083 0.27556 0.326066 0.00392093
-0.082 0.26896 0.317603 0.00392093
-0.081 0.26244 0.309268 0.00392093
-0.08 0.256 0.30106 0.00392093
-0.079 0.24964 0.292979 0.00392093
-0.078 0.24336 0.285023 0.00392093
-0.077 0.23716 0.277192 0.00392093
-0.076 0.23104 0.269486 0.00392093
-0.075 0.225 0.261903 0.00392093
-0.074 0.21904 0.254444 0.00392093
-0.073 0.21316 0.247106 0.00392093
-0.072 0.20736 0.239891 0.00392093
-0.071 0.20164 0.232796 0.00392093
-0.07 0.196 0.225822 0.00392093
-0.069 0.19044 0.218968 0.00392093
-0.068 0.18496 0.212232 0.00392093
-0.067 0.17956 0.205615 0.00392093
-0.066 0.17424 0.199116 0.00392093
-0.065 0.169 0.192733 0.00392093
-0.064 0.16384 0.186467 0.00392093
-0.063 0.15876 0.180317 0.00392093
-0.062 0.15376 0.174282 0.00392093
-0.061 0.14884 0.168361 0.00392093
-0.06 0.144 0.162554 0.00392093
-0.059 0.13924 0.156861 0.00392093
-0.058 0.13456 0.15128 0.00392093
-0.057 0.12996 0.145811 0.00392093
-0.056 0.12544 0.140453 0.00392093
-0.055 0.121 0.135206 0.00392093
-0.054 0.11664 0.130069 0.00392093
-0.053 0.11236 0.125041 0.00392093
-0.052 0.10816 0.120123 0.00392093
-0.051 0.10404 0.115312 0.00392093
-0.05 0.1 0.110609 0.00392093
-0.049 0.09604 0.106013 0.00392093
-0.048 0.09216 0.101524 0.00392093
-0.047 0.08836 0.0971402 0.00392093
-0.046 0.08464 0.0928618 0.00392093
-0.045 0.081 0.088688 0.00392093
-0.044 0.07744 0.0846181 0.00392093
-0.043 0.07396 0.0806518 0.00392093
-0.042 0.07056 0.0767882 0.00392093
-0.041 0.06724 0.073027 0.00392093
-0.04 0.064 0.0693674 0.00392093
-0.039 0.06084 0.0658089 0.00392093
-0.038 0.05776 0.0623509 0.00392093
-0.037 0.05476 0.0589929 0.00392093
-0.036 0.05184 0.0557342 0.00392093
-0.035 0.049 0.0525744 0.00392093
-0.034 0.04624 0.0495128 0.00392093
-0.033 0.04356 0.0465488 0.00392093
-0.032 0.04096 0.0436821 0.00392093
-0.031 0.03844 0.0409118 0.00392093
-0.03 0.036 0.0382376 0.00392093
-0.029 0.03364 0.0356588 0.00392093
-0.028 0.03136 0.0331749 0.00392093
-0.027 0.02916 0.0307854 0.00392093
-0.026 0.02704 0.0284897 0.00392093
-0.025 0.025 0.0262873 0.00392093
-0.024 0.02304 0.0241775 0.00392093
-0.023 0.02116 0.02216 0.00392093
-0.022 0.01936 0.0202341 0.00392093
-0.021 0.01764 0.0183994 0.00392093
-0.02 0.016 0.0166552 0.00392093
-0.019 0.01444 0.0150011 0.00392093
-0.018 0.01296 0.0134365 0.00392093
-0.017 0.01156 0.011961 0.00392093
-0.016 0.01024 0.0105739 0.00392093
-0.015 0.009 0.00927479 0.00392093
-0.014 0.00784 0.00806315 0.00392093
-0.013 0.00676 0.00693846 0.00392093
-0.012 0.00576 0.0059002 0.00392093
-0.011 0.00484 0.00494786 0.00392093
-0.01 0.004 0.00408094 0.00392093
-0.009 0.00324 0.00329894 0.00392093
-0.008 0.00256 0.00260134 0.00392093
-0.007 0.00196 0.00198767 0.00392093
-0.006 0.00144 0.0014574 0.00392093
-0.005 0.001 0.00101006 0.00392093
-0.004 0.00064 0.000645144 0.00392093
-0.003 0.00036 0.000362168 0.00392093
-0.002 0.00016 0.000160641 0.00392093
-0.001 4e-005 4.00801e-005 0.00392093
0 0 0 0.00392093
0.001 4e-005 3.99201e-005 0.00392093
0.002 0.00016 0.000159361 0.00392093
0.003 0.00036 0.000357848 0.00392093
0.004 0.00064 0.000634904 0.00392093
0.005 0.001 0.000990058 0.00392093
0.006 0.00144 0.00142284 0.00392093
0.007 0.00196 0.00193278 0.00392093
0.008 0.00256 0.00251942 0.00392093
0.009 0.00324 0.00318229 0.00392093
0.01 0.004 0.00392093 0.00392093
0.011 0.00484 0.00473487 0.00392093
0.012 0.00576 0.00562368 0.00392093
0.013 0.00676 0.00658688 0.00392093
0.014 0.00784 0.00762402 0.00392093
0.015 0.009 0.00873466 0.00392093
0.016 0.01024 0.00991835 0.00392093
0.017 0.01156 0.0111746 0.00392093
0.018 0.01296 0.0125031 0.00392093
0.019 0.01444 0.0139032 0.00392093
0.02 0.016 0.0153747 0.00392093
0.021 0.01764 0.0169169 0.00392093
0.022 0.01936 0.0185296 0.00392093
0.023 0.02116 0.0202123 0.00392093
0.024 0.02304 0.0219644 0.00392093
0.025 0.025 0.0237857 0.00392093
0.026 0.02704 0.0256756 0.00392093
0.027 0.02916 0.0276338 0.00392093
0.028 0.03136 0.0296599 0.00392093
0.029 0.03364 0.0317533 0.00392093
0.03 0.036 0.0339137 0.00392093
0.031 0.03844 0.0361407 0.00392093
0.032 0.04096 0.0384338 0.00392093
0.033 0.04356 0.0407927 0.00392093
0.034 0.04624 0.0432169 0.00392093
0.035 0.049 0.045706 0.00392093
0.036 0.05184 0.0482596 0.00392093
0.037 0.05476 0.0508773 0.00392093
0.038 0.05776 0.0535587 0.00392093
0.039 0.06084 0.0563034 0.00392093
0.04 0.064 0.059111 0.00392093
0.041 0.06724 0.061981 0.00392093
0.042 0.07056 0.0649132 0.00392093
0.043 0.07396 0.0679071 0.00392093
0.044 0.07744 0.0709623 0.00392093
0.045 0.081 0.0740784 0.00392093
0.046 0.08464 0.077255 0.00392093
0.047 0.08836 0.0804918 0.00392093
0.048 0.09216 0.0837884 0.00392093
0.049 0.09604 0.0871443 0.00392093
0.05 0.1 0.0905592 0.00392093
0.051 0.10404 0.0940327 0.00392093
0.052 0.10816 0.0975644 0.00392093
0.053 0.11236 0.101154 0.00392093
0.054 0.11664 0.104801 0.00392093
0.055 0.121 0.108505 0.00392093
0.056 0.12544 0.112266 0.00392093
0.057 0.12996 0.116083 0.00392093
0.058 0.13456 0.119957 0.00392093
0.059 0.13924 0.123886 0.00392093
0.06 0.144 0.12787 0.00392093
0.061 0.14884 0.131909 0.00392093
0.062 0.15376 0.136003 0.00392093
0.063 0.15876 0.14015 0.00392093
0.064 0.16384 0.144352 0.00392093
0.065 0.169 0.148607 0.00392093
0.066 0.17424 0.152915 0.00392093
0.067 0.17956 0.157277 0.00392093
0.068 0.18496 0.16169 0.00392093
0.069 0.19044 0.166155 0.00392093
0.07 0.196 0.170673 0.00392093
0.071 0.20164 0.175241 0.00392093
0.072 0.20736 0.179861 0.00392093
0.073 0.21316 0.184531 0.00392093
0.074 0.21904 0.189252 0.00392093
0.075 0.225 0.194023 0.00392093
0.076 0.23104 0.198843 0.00392093
0.077 0.23716 0.203713 0.00392093
0.078 0.24336 0.208631 0.00392093
0.079 0.24964 0.213599 0.00392093
0.08 0.256 0.218615 0.00392093
0.081 0.26244 0.223678 0.00392093
0.082 0.26896 0.22879 0.00392093
0.083 0.27556 0.233949 0.00392093
0.084 0.28224 0.239154 0.00392093
0.085 0.289 0.244407 0.00392093
0.086 0.29584 0.249706 0.00392093
0.087 0.30276 0.255051 0.00392093
0.088 0.30976 0.260442 0.00392093
0.089 0.31684 0.265878 0.00392093
0.09 0.324 0.271359 0.00392093
0.091 0.33124 0.276885 0.00392093
0.092 0.33856 0.282456 0.00392093
0.093 0.34596 0.288071 0.00392093
0.094 0.35344 0.293729 0.00392093
0.095 0.361 0.299431 0.00392093
0.096 0.36864 0.305177 0.00392093
0.097 0.37636 0.310965 0.00392093
0.098 0.38416 0.316796 0.00392093
0.099 0.39204 0.32267 0.00392093
0.1 0.4 0.328585 0.00392093
0.101 0.40804 0.334543 0.00392093
0.102 0.41616 0.340541 0.00392093
0.103 0.42436 0.346581 0.00392093
0.104 0.43264 0.352662 0.00392093
0.105 0.441 0.358783 0.00392093
0.106 0.44944 0.364945 0.00392093
0.107 0.45796 0.371146 0.00392093
0.108 0.46656 0.377388 0.00392093
0.109 0.47524 0.383668 0.00392093
0.11 0.484 0.389988 0.00392093
0.111 0.49284 0.396347 0.00392093
0.112 0.50176 0.402744 0.00392093
0.113 0.51076 0.40918 0.00392093
0.114 0.51984 0.415653 0.00392093
0.115 0.529 0.422164 0.00392093
0.116 0.53824 0.428713 0.00392093
0.117 0.54756 0.435299 0.00392093
0.118 0.55696 0.441922 0.00392093
0.119 0.56644 0.448581 0.00392093
0.12 0.576 0.455277 0.00392093
0.121 0.58564 0.462008 0.00392093
0.122 0.59536 0.468776 0.00392093
0.123 0.60516 0.475579 0.00392093
0.124 0.61504 0.482418 0.00392093
0.125 0.625 0.489291 0.00392093
0.126 0.63504 0.496199 0.00392093
0.127 0.64516 0.503142 0.00392093
0.128 0.65536 0.510119 0.00392093
0.129 0.66564 0.517129 0.00392093
0.13 0.676 0.524174 0.00392093
0.131 0.68644 0.531252 0.00392093
0.132 0.69696 0.538363 0.00392093
0.133 0.70756 0.545507 0.00392093
0.134 0.71824 0.552684 0.00392093
0.135 0.729 0.559893 0.00392093
0.136 0.73984 0.567134 0.00392093
0.137 0.75076 0.574407 0.00392093
0.138 0.76176 0.581712 0.00392093
0.139 0.77284 0.589048 0.00392093
0.14 0.784 0.596416 0.00392093
0.141 0.79524 0.603814 0.00392093
0.142 0.80656 0.611243 0.00392093
0.143 0.81796 0.618703 0.00392093
0.144 0.82944 0.626193 0.00392093
0.145 0.841 0.633712 0.00392093
0.146 0.85264 0.641262 0.00392093
0.147 0.86436 0.648841 0.00392093
0.148 0.87616 0.656449 0.00392093
0.149 0.88804 0.664086 0.00392093
0.15 0.9 0.671752 0.00392093
0.151 0.91204 0.679446 0.00392093
0.152 0.92416 0.687169 0.00392093
0.153 0.93636 0.69492 0.00392093
0.154 0.94864 0.702699 0.00392093
0.155 0.961 0.710505 0.00392093
0.156 0.97344 0.718339 0.00392093
0.157 0.98596 0.7262 0.00392093
0.158 0.99856 0.734088 0.00392093
0.159 1.01124 0.742002 0.00392093
0.16 1.024 0.749943 0.00392093
0.161 1.03684 0.757911 0.00392093
0.162 1.04976 0.765904 0.00392093
0.163 1.06276 0.773924 0.00392093
0.164 1.07584 0.781968 0.00392093
0.165 1.089 0.790039 0.00392093
0.166 1.10224 0.798134 0.00392093
0.167 1.11556 0.806255 0.00392093
0.168 1.12896 0.8144 0.00392093
0.169 1.14244 0.822569 0.00392093
0.17 1.156 0.830763 0.00392093
0.171 1.16964 0.838982 0.00392093
0.172 1.18336 0.847224 0.00392093
0.173 1.19716 0.855489 0.00392093
0.174 1.21104 0.863779 0.00392093
0.175 1.225 0.872091 0.00392093
0.176 1.23904 0.880427 0.00392093
0.177 1.25316 0.888785 0.00392093
0.178 1.26736 0.897167 0.00392093
0.179 1.28164 0.90557 0.00392093
0.18 1.296 0.913996 0.00392093
0.181 1.31044 0.922444 0.00392093
0.182 1.32496 0.930914 0.00392093
0.183 1.33956 0.939405 0.00392093
0.184 1.35424 0.947918 0.00392093
0.185 1.369 0.956453 0.00392093
0.186 1.38384 0.965008 0.00392093
0.187 1.39876 0.973584 0.00392093
0.188 1.41376 0.982181 0.00392093
0.189 1.42884 0.990798 0.00392093
0.19 1.444 0.999436 0.00392093
0.191 1.45924 1.00809 0.00392093
0.192 1.47456 1.01677 0.00392093
0.193 1.48996 1.02547 0.00392093
0.194 1.50544 1.03419 0.00392093
0.195 1.521 1.04292 0.00392093
0.196 1.53664 1.05168 0.00392093
0.197 1.55236 1.06045 0.00392093
0.198 1.56816 1.06925 0.00392093
0.199 1.58404 1.07806 0.00392093
0.2 1.6 1.08689 0.00392093
0.201 1.61604 1.09574 0.00392093
0.202 1.63216 1.1046 0.00392093
0.203 1.64836 1.11349 0.00392093
0.204 1.66464 1.12239 0.00392093
0.205 1.681 1.13131 0.00392093
0.206 1.69744 1.14025 0.00392093
0.207 1.71396 1.1492 0.00392093
0.208 1.73056 1.15818 0.00392093
0.209 1.74724 1.16716 0.00392093
0.21 1.764 1.17617 0.00392093
0.211 1.78084 1.18519 0.00392093
0.212 1.79776 1.19423 0.00392093
0.213 1.81476 1.20328 0.00392093
0.214 1.83184 1.21235 0.00392093
0.215 1.849 1.22144 0.00392093
0.216 1.86624 1.23054 0.00392093
0.217 1.88356 1.23966 0.00392093
0.218 1.90096 1.24879 0.00392093
0.219 1.91844 1.25794 0.00392093
0.22 1.936 1.2671 0.00392093
0.221 1.95364 1.27628 0.00392093
0.222 1.97136 1.28547 0.00392093
0.223 1.98916 1.29468 0.00392093
0.224 2.00704 1.3039 0.00392093
0.225 2.025 1.31313 0.00392093
0.226 2.04304 1.32238 0.00392093
0.227 2.06116 1.33165 0.00392093
0.228 2.07936 1.34092 0.00392093
0.229 2.09764 1.35021 0.00392093
0.23 2.116 1.35952 0.00392093
0.231 2.13444 1.36883 0.00392093
0.232 2.15296 1.37816 0.00392093
0.233 2.17156 1.38751 0.00392093
0.234 2.19024 1.39686 0.00392093
0.235 2.209 1.40623 0.00392093
0.236 2.22784 1.41561 0.00392093
0.237 2.24676 1.42501 0.00392093
0.238 2.26576 1.43441 0.00392093
0.239 2.28484 1.44383 0.00392093
0.24 2.304 1.45326 0.00392093
0.241 2.32324 1.4627 0.00392093
0.242 2.34256 1.47216 0.00392093
0.243 2.36196 1.48162 0.00392093
0.244 2.38144 1.4911 0.00392093
0.245 2.401 1.50058 0.00392093
0.246 2.42064 1.51008 0.00392093
0.247 2.44036 1.51959 0.00392093
0.248 2.46016 1.52911 0.00392093
0.249 2.48004 1.53864 0.00392093
0.25 2.5 1.54818 0.00392093
0.251 2.52004 1.55773 0.00392093
0.252 2.54016 1.56729 0.00392093
0.253 2.56036 1.57687 0.00392093
0.254 2.58064 1.58645 0.00392093
0.255 2.601 1.59604 0.00392093
0.256 2.62144 1.60564 0.00392093
0.257 2.64196 1.61525 0.00392093
0.258 2.66256 1.62487 0.00392093
0.259 2.68324 1.6345 0.00392093
0.26 2.704 1.64414 0.00392093
0.261 2.72484 1.65378 0.00392093
0.262 2.74576 1.66344 0.00392093
0.263 2.76676 1.6731 0.00392093
0.264 2.78784 1.68278 0.00392093
0.265 2.809 1.69246 0.00392093
0.266 2.83024 1.70215 0.00392093
0.267 2.85156 1.71185 0.00392093
0.268 2.87296 1.72155 0.00392093
0.269 2.89444 1.73127 0.00392093
0.27 2.916 1.74099 0.00392093
0.271 2.93764 1.75072 0.00392093
0.272 2.95936 1.76046 0.00392093
0.273 2.98116 1.7702 0.00392093
0.274 3.00304 1.77996 0.00392093
0.275 3.025 1.78971 0.00392093
0.276 3.04704 1.79948 0.00392093
0.277 3.06916 1.80925 0.00392093
0.278 3.09136 1.81904 0.00392093
0.279 3.11364 1.82882 0.00392093
0.28 3.136 1.83862 0.00392093
0.281 3.15844 1.84842 0.00392093
0.282 3.18096 1.85822 0.00392093
0.283 3.20356 1.86804 0.00392093
0.284 3.22624 1.87786 0.00392093
0.285 3.249 1.88768 0.00392093
0.286 3.27184 1.89751 0.00392093
0.287 3.29476 1.90735 0.00392093
0.288 3.31776 1.91719 0.00392093
0.289 3.34084 1.92704 0.00392093
0.29 3.364 1.93689 0.00392093
0.291 3.38724 1.94675 0.00392093
0.292 3.41056 1.95662 0.00392093
0.293 3.43396 1.96649 0.00392093
0.294 3.45744 1.97636 0.00392093
0.295 3.481 1.98624 0.00392093
0.296 3.50464 1.99613 0.00392093
0.297 3.52836 2.00602 0.00392093
0.298 3.55216 2.01591 0.00392093
0.299 3.57604 2.02581 0.00392093
0.3 3.6 2.03571 0.00392093
0.301 3.62404 2.04562 0.00392093
0.302 3.64816 2.05553 0.00392093
0.303 3.67236 2.06544 0.00392093
0.304 3.69664 2.07536 0.00392093
0.305 3.721 2.08528 0.00392093
0.306 3.74544 2.09521 0.00392093
0.307 3.76996 2.10514 0.00392093
0.308 3.79456 2.11508 0.00392093
0.309 3.81924 2.12501 0.00392093
0.31 3.844 2.13495 0.00392093
0.311 3.86884 2.1449 0.00392093
0.312 3.89376 2.15484 0.00392093
0.313 3.91876 2.16479 0.00392093
0.314 3.94384 2.17475 0.00392093
0.315 3.969 2.1847 0.00392093
0.316 3.99424 2.19466 0.00392093
0.317 4.01956 2.20462 0.00392093
0.318 4.04496 2.21459 0.00392093
0.319 4.07044 2.22456 0.00392093
0.32 4.096 2.23452 0.00392093
0.321 4.12164 2.2445 0.00392093
0.322 4.14736 2.25447 0.00392093
0.323 4.17316 2.26445 0.00392093
0.324 4.19904 2.27442 0.00392093
0.325 4.225 2.2844 0.00392093
0.326 4.25104 2.29438 0.00392093
0.327 4.27716 2.30437 0.00392093
0.328 4.30336 2.31435 0.00392093
0.329 4.32964 2.32434 0.00392093
0.33 4.356 2.33433 0.00392093
0.331 4.38244 2.34432 0.00392093
0.332 4.40896 2.35431 0.00392093
0.333 4.43556 2.3643 0.00392093
0.334 4.46224 2.37429 0.00392093
0.335 4.489 2.38429 0.00392093
0.336 4.51584 2.39428 0.00392093
0.337 4.54276 2.40428 0.00392093
0.338 4.56976 2.41427 0.00392093
0.339 4.59684 2.42427 0.00392093
0.34 4.624 2.43427 0.00392093
0.341 4.65124 2.44427 0.00392093
0.342 4.67856 2.45427 0.00392093
0.343 4.70596 2.46426 0.00392093
0.344 4.73344 2.47426 0.00392093
0.345 4.761 2.48426 0.00392093
0.346 4.78864 2.49426 0.00392093
0.347 4.81636 2.50426 0.00392093
0.348 4.84416 2.51426 0.00392093
0.349 4.87204 2.52426 0.00392093
0.35 4.9 2.53426 0.00392093
0.351 4.92804 2.54426 0.00392093
0.352 4.95616 2.55426 0.00392093
0.353 4.98436 2.56426 0.00392093
0.354 5.01264 2.57426 0.00392093
0.355 5.041 2.58426 0.00392093
0.356 5.06944 2.59425 0.00392093
0.357 5.09796 2.60425 0.00392093
0.358 5.12656 2.61424 0.00392093
0.359 5.15524 2.62424 0.00392093
0.36 5.184 2.63423 0.00392093
0.361 5.21284 2.64422 0.00392093
0.362 5.24176 2.65422 0.00392093
0.363 5.27076 2.66421 0.00392093
0.364 5.29984 2.6742 0.00392093
0.365 5.329 2.68418 0.00392093
0.366 5.35824 2.69417 0.00392093
0.367 5.38756 2.70415 0.00392093
0.368 5.41696 2.71414 0.00392093
0.369 5.44644 2.72412 0.00392093
0.37 5.476 2.7341 0.00392093
0.371 5.50564 2.74408 0.00392093
0.372 5.53536 2.75405 0.00392093
0.373 5.56516 2.76403 0.00392093
0.374 5.59504 2.774 0.00392093
0.375 5.625 2.78397 0.00392093
0.376 5.65504 2.79394 0.00392093
0.377 5.68516 2.80391 0.00392093
0.378 5.71536 2.81387 0.00392093
0.379 5.74564 2.82383 0.00392093
0.38 5.776 2.83379 0.00392093
0.381 5.80644 2.84375 0.00392093
0.382 5.83696 2.8537 0.00392093
0.383 5.86756 2.86365 0.00392093
0.384 5.89824 2.8736 0.00392093
0.385 5.929 2.88355 0.00392093
0.386 5.95984 2.89349 0.00392093
0.387 5.99076 2.90343 0.00392093
0.388 6.02176 2.91337 0.00392093
0.389 6.05284 2.92331 0.00392093
0.39 6.084 2.93324 0.00392093
0.391 6.11524 2.94317 0.00392093
0.392 6.14656 2.9531 0.00392093
0.393 6.17796 2.96302 0.00392093
0.394 6.20944 2.97294 0.00392093
0.395 6.241 2.98286 0.00392093
0.396 6.27264 2.99277 0.00392093
0.397 6.30436 3.00268 0.00392093
0.398 6.33616 3.01258 0.00392093
0.399 6.36804 3.02249 0.00392093
0.4 6.4 3.03239 0.00392093
0.401 6.43204 3.04228 0.00392093
0.402 6.46416 3.05217 0.00392093
0.403 6.49636 3.06206 0.00392093
0.404 6.52864 3.07195 0.00392093
0.405 6.561 3.08183 0.00392093
0.406 6.59344 3.0917 0.00392093
0.407 6.62596 3.10157 0.00392093
0.408 6.65856 3.11144 0.00392093
0.409 6.69124 3.12131 0.00392093
0.41 6.724 3.13117 0.00392093
0.411 6.75684 3.14102 0.00392093
0.412 6.78976 3.15087 0.00392093
0.413 6.82276 3.16072 0.00392093
0.414 6.85584 3.17057 0.00392093
0.415 6.889 3.1804 0.00392093
0.416 6.92224 3.19024 0.00392093
0.417 6.95556 3.20007 0.00392093
0.418 6.98896 3.20989 0.00392093
0.419 7.02244 3.21971 0.00392093
0.42 7.056 3.22953 0.00392093
0.421 7.08964 3.23934 0.00392093
0.422 7.12336 3.24915 0.00392093
0.423 7.15716 3.25895 0.00392093
0.424 7.19104 3.26874 0.00392093
0.425 7.225 3.27854 0.00392093
0.426 7.25904 3.28832 0.00392093
0.427 7.29316 3.29811 0.00392093
0.428 7.32736 3.30788 0.00392093
0.429 7.36164 3.31765 0.00392093
0.43 7.396 3.32742 0.00392093
0.431 7.43044 3.33718 0.00392093
0.432 7.46496 3.34694 0.00392093
0.433 7.49956 3.35669 0.00392093
0.434 7.53424 3.36643 0.00392093
0.435 7.569 3.37617 0.00392093
0.436 7.60384 3.38591 0.00392093
0.437 7.63876 3.39564 0.00392093
0.438 7.67376 3.40536 0.00392093
0.439 7.70884 3.41508 0.00392093
0.44 7.744 3.42479 0.00392093
0.441 7.77924 3.4345 0.00392093
0.442 7.81456 3.4442 0.00392093
0.443 7.84996 3.45389 0.00392093
0.444 7.88544 3.46358 0.00392093
0.445 7.921 3.47327 0.00392093
0.446 7.95664 3.48294 0.00392093
0.447 7.99236 3.49262 0.00392093
0.448 8.02816 3.50228 0.00392093
0.449 8.06404 3.51194 0.00392093
0.45 8.1 3.5216 0.00392093
0.451 8.13604 3.53124 0.00392093
0.452 8.17216 3.54089 0.00392093
0.453 8.20836 3.55052 0.00392093
0.454 8.24464 3.56015 0.00392093
0.455 8.281 3.56977 0.00392093
0.456 8.31744 3.57939 0.00392093
0.457 8.35396 3.589 0.00392093
0.458 8.39056 3.5986 0.00392093
0.459 8.42724 3.6082 0.00392093
0.46 8.464 3.61779 0.00392093
0.461 8.50084 3.62738 0.00392093
0.462 8.53776 3.63696 0.00392093
0.463 8.57476 3.64653 0.00392093
0.464 8.61184 3.65609 0.00392093
0.465 8.649 3.66565 0.00392093
0.466 8.68624 3.6752 0.00392093
0.467 8.72356 3.68475 0.00392093
0.468 8.76096 3.69429 0.00392093
0.469 8.79844 3.70382 0.00392093
0.47 8.836 3.71334 0.00392093
0.471 8.87364 3.72286 0.00392093
0.472 8.91136 3.73237 0.00392093
0.473 8.94916 3.74188 0.00392093
0.474 8.98704 3.75138 0.00392093
0.475 9.025 3.76087 0.00392093
0.476 9.06304 3.77035 0.00392093
0.477 9.10116 3.77983 0.00392093
0.478 9.13936 3.78929 0.00392093
0.479 9.17764 3.79876 0.00392093
0.48 9.216 3.80821 0.00392093
0.481 9.25444 3.81766 0.00392093
0.482 9.29296 3.8271 0.00392093
0.483 9.33156 3.83653 0.00392093
0.484 9.37024 3.84596 0.00392093
0.485 9.409 3.85538 0.00392093
0.486 9.44784 3.86479 0.00392093
0.487 9.48676 3.87419 0.00392093
0.488 9.52576 3.88359 0.00392093
0.489 9.56484 3.89298 0.00392093
0.49 9.604 3.90236 0.00392093
0.491 9.64324 3.91174 0.00392093
0.492 9.68256 3.9211 0.00392093
0.493 9.72196 3.93046 0.00392093
0.494 9.76144 3.93981 0.00392093
0.495 9.801 3.94916 0.00392093
0.496 9.84064 3.9585 0.00392093
0.497 9.88036 3.96782 0.00392093
0.498 9.92016 3.97714 0.00392093
0.499 9.96004 3.98646 0.00392093
