0 0.01 0 0.00392093 0 0.00392093 0
0.001 0.00999948 -0.000676787 0.00392052 2.2902e-007 0.00392084 3.73258e-015
0.002 0.00999842 -0.00122414 0.0039197 7.49264e-007 0.00392071 2.5354e-014
0.003 0.00999681 -0.00177144 0.00391845 1.56899e-006 0.00392053 8.66671e-014
0.004 0.00999465 -0.00231863 0.00391677 2.68803e-006 0.00392032 2.1781e-013
0.005 0.00999194 -0.00286571 0.00391467 4.10614e-006 0.00392006 4.57232e-013
0.006 0.00998869 -0.00341263 0.00391215 5.82301e-006 0.00391976 8.51654e-013
0.007 0.00998489 -0.00395937 0.0039092 7.8383e-006 0.00391942 1.45603e-012
0.008 0.00998054 -0.0045059 0.00390583 1.01516e-005 0.00391904 2.33349e-012
0.009 0.00997565 -0.00505219 0.00390204 1.27623e-005 0.00391862 3.55528e-012
0.01 0.00997021 -0.00559821 0.00389783 1.567e-005 0.00391815 5.20072e-012
0.011 0.00996422 -0.00614393 0.0038932 1.88739e-005 0.00391764 7.35709e-012
0.012 0.00995769 -0.00668933 0.00388814 2.23735e-005 0.0039171 1.01196e-011
0.013 0.00995061 -0.00723437 0.00388268 2.6168e-005 0.00391651 1.35912e-011
0.014 0.00994299 -0.00777902 0.00387679 3.02566e-005 0.00391588 1.78826e-011
0.015 0.00993483 -0.00832326 0.00387049 3.46383e-005 0.0039152 2.31122e-011
0.016 0.00992612 -0.00886706 0.00386377 3.93124e-005 0.00391449 2.94058e-011
0.017 0.00991687 -0.00941039 0.00385664 4.42777e-005 0.00391374 3.68966e-011
0.018 0.00990707 -0.00995321 0.0038491 4.95332e-005 0.00391294 4.57251e-011
0.019 0.00989673 -0.0104955 0.00384115 5.50778e-005 0.00391211 5.6039e-011
0.02 0.00988585 -0.0110372 0.0038328 6.09104e-005 0.00391123 6.79929e-011
0.021 0.00987443 -0.0115784 0.00382403 6.70296e-005 0.00391031 8.17483e-011
0.022 0.00986247 -0.0121189 0.00381486 7.34342e-005 0.00390936 9.74733e-011
0.023 0.00984997 -0.0126588 0.00380529 8.01228e-005 0.00390836 1.15343e-010
0.024 0.00983693 -0.013198 0.00379532 8.7094e-005 0.00390732 1.35538e-010
0.025 0.00982335 -0.0137365 0.00378495 9.43463e-005 0.00390624 1.58246e-010
0.026 0.00980923 -0.0142743 0.00377419 0.000101878 0.00390513 1.8366e-010
0.027 0.00979458 -0.0148113 0.00376303 0.000109688 0.00390397 2.1198e-010
0.028 0.00977938 -0.0153476 0.00375148 0.000117774 0.00390277 2.43411e-010
0.029 0.00976366 -0.015883 0.00373954 0.000126135 0.00390154 2.78163e-010
0.03 0.00974739 -0.0164176 0.00372721 0.000134768 0.00390026 3.16452e-010
0.031 0.0097306 -0.0169513 0.0037145 0.000143673 0.00389894 3.58498e-010
0.032 0.00971327 -0.017484 0.00370141 0.000152846 0.00389759 4.04528e-010
0.033 0.00969541 -0.0180159 0.00368795 0.000162286 0.0038962 4.54772e-010
0.034 0.00967702 -0.0185468 0.0036741 0.000171992 0.00389477 5.09464e-010
0.035 0.00965809 -0.0190767 0.00365988 0.000181961 0.0038933 5.68845e-010
0.036 0.00963864 -0.0196056 0.0036453 0.00019219 0.00389179 6.33157e-010
0.037 0.00961866 -0.0201335 0.00363035 0.000202678 0.00389024 7.02647e-010
0.038 0.00959815 -0.0206602 0.00361503 0.000213423 0.00388866 7.77565e-010
0.039 0.00957712 -0.0211859 0.00359936 0.000224421 0.00388703 8.58166e-010
0.04 0.00955556 -0.0217105 0.00358332 0.000235672 0.00388538 9.44706e-010
0.041 0.00953348 -0.0222338 0.00356694 0.000247172 0.00388368 1.03744e-009
0.042 0.00951088 -0.022756 0.0035502 0.000258919 0.00388194 1.13664e-009
0.043 0.00948775 -0.023277 0.00353312 0.00027091 0.00388017 1.24257e-009
0.044 0.00946411 -0.0237968 0.0035157 0.000283143 0.00387837 1.35549e-009
0.045 0.00943994 -0.0243153 0.00349794 0.000295616 0.00387652 1.47567e-009
0.046 0.00941526 -0.0248324 0.00347984 0.000308325 0.00387464 1.60338e-009
0.047 0.00939006 -0.0253483 0.00346141 0.000321268 0.00387273 1.7389e-009
0.048 0.00936435 -0.0258628 0.00344266 0.000334442 0.00387078 1.88248e-009
0.049 0.00933812 -0.0263759 0.00342358 0.000347844 0.00386879 2.03442e-009
0.05 0.00931138 -0.0268876 0.00340419 0.000361472 0.00386677 2.19498e-009
0.051 0.00928413 -0.0273979 0.00338447 0.000375322 0.00386471 2.36444e-009
0.052 0.00925638 -0.0279067 0.00336445 0.000389392 0.00386262 2.54306e-009
0.053 0.00922811 -0.028414 0.00334412 0.000403679 0.00386049 2.73113e-009
0.054 0.00919934 -0.0289198 0.00332349 0.000418179 0.00385833 2.92892e-009
0.055 0.00917006 -0.0294241 0.00330257 0.000432889 0.00385614 3.13669e-009
0.056 0.00914028 -0.0299268 0.00328134 0.000447806 0.00385391 3.35473e-009
0.057 0.00911 -0.0304279 0.00325983 0.000462928 0.00385165 3.58329e-009
0.058 0.00907921 -0.0309273 0.00323804 0.00047825 0.00384935 3.82265e-009
0.059 0.00904793 -0.0314251 0.00321597 0.00049377 0.00384703 4.07308e-009
0.06 0.00901616 -0.0319213 0.00319362 0.000509484 0.00384467 4.33483e-009
0.061 0.00898388 -0.0324157 0.003171 0.000525389 0.00384228 4.60817e-009
0.062 0.00895112 -0.0329084 0.00314812 0.000541481 0.00383985 4.89336e-009
0.063 0.00891786 -0.0333993 0.00312498 0.000557757 0.0038374 5.19066e-009
0.064 0.00888412 -0.0338884 0.00310158 0.000574213 0.00383491 5.5003e-009
0.065 0.00884988 -0.0343758 0.00307794 0.000590846 0.00383239 5.82256e-009
0.066 0.00881516 -0.0348612 0.00305404 0.000607653 0.00382985 6.15766e-009
0.067 0.00877996 -0.0353449 0.00302991 0.00062463 0.00382727 6.50585e-009
0.068 0.00874427 -0.0358266 0.00300554 0.000641772 0.00382466 6.86737e-009
0.069 0.00870811 -0.0363064 0.00298095 0.000659077 0.00382202 7.24245e-009
0.07 0.00867146 -0.0367842 0.00295613 0.00067654 0.00381936 7.63131e-009
0.071 0.00863434 -0.0372601 0.00293109 0.000694159 0.00381666 8.03419e-009
0.072 0.00859674 -0.037734 0.00290584 0.000711928 0.00381394 8.45128e-009
0.073 0.00855867 -0.0382059 0.00288038 0.000729845 0.00381118 8.88281e-009
0.074 0.00852013 -0.0386757 0.00285472 0.000747905 0.0038084 9.32899e-009
0.075 0.00848113 -0.0391434 0.00282886 0.000766105 0.00380559 9.79e-009
0.076 0.00844165 -0.0396091 0.00280281 0.00078444 0.00380276 1.0266e-008
0.077 0.00840172 -0.0400726 0.00277657 0.000802907 0.00379989 1.07573e-008
0.078 0.00836132 -0.040534 0.00275015 0.000821501 0.00379701 1.1264e-008
0.079 0.00832046 -0.0409932 0.00272356 0.00084022 0.00379409 1.17862e-008
0.08 0.00827914 -0.0414501 0.0026968 0.000859057 0.00379115 1.23242e-008
0.081 0.00823737 -0.0419049 0.00266988 0.000878011 0.00378818 1.2878e-008
0.082 0.00819514 -0.0423574 0.0026428 0.000897076 0.00378519 1.34479e-008
0.083 0.00815246 -0.0428077 0.00261557 0.000916248 0.00378217 1.4034e-008
0.084 0.00810934 -0.0432556 0.00258819 0.000935523 0.00377913 1.46364e-008
0.085 0.00806577 -0.0437012 0.00256068 0.000954897 0.00377607 1.52553e-008
0.086 0.00802175 -0.0441445 0.00253303 0.000974366 0.00377298 1.58907e-008
0.087 0.00797729 -0.0445853 0.00250525 0.000993926 0.00376987 1.65427e-008
0.088 0.0079324 -0.0450238 0.00247735 0.00101357 0.00376674 1.72116e-008
0.089 0.00788706 -0.0454599 0.00244934 0.0010333 0.00376358 1.78973e-008
0.09 0.0078413 -0.0458935 0.00242122 0.00105311 0.0037604 1.86e-008
0.091 0.0077951 -0.0463246 0.00239299 0.00107299 0.0037572 1.93197e-008
0.092 0.00774847 -0.0467533 0.00236467 0.00109293 0.00375398 2.00564e-008
0.093 0.00770141 -0.0471794 0.00233625 0.00111295 0.00375074 2.08103e-008
0.094 0.00765393 -0.047603 0.00230776 0.00113302 0.00374747 2.15814e-008
0.095 0.00760603 -0.048024 0.00227918 0.00115315 0.00374419 2.23697e-008
0.096 0.00755771 -0.0484424 0.00225053 0.00117334 0.00374089 2.31752e-008
0.097 0.00750897 -0.0488583 0.00222181 0.00119357 0.00373757 2.3998e-008
0.098 0.00745982 -0.0492714 0.00219303 0.00121384 0.00373423 2.4838e-008
0.099 0.00741026 -0.049682 0.0021642 0.00123415 0.00373087 2.56953e-008
0.1 0.00736029 -0.0500898 0.00213533 0.00125449 0.00372749 2.65698e-008
0.101 0.00730991 -0.0504949 0.00210641 0.00127487 0.0037241 2.74615e-008
0.102 0.00725913 -0.0508974 0.00207746 0.00129527 0.00372069 2.83704e-008
0.103 0.00720795 -0.051297 0.00204847 0.00131569 0.00371726 2.92964e-008
0.104 0.00715637 -0.0516939 0.00201947 0.00133613 0.00371381 3.02394e-008
0.105 0.0071044 -0.052088 0.00199045 0.00135658 0.00371035 3.11995e-008
0.106 0.00705203 -0.0524793 0.00196142 0.00137704 0.00370688 3.21764e-008
0.107 0.00699928 -0.0528677 0.00193239 0.0013975 0.00370339 3.31702e-008
0.108 0.00694614 -0.0532533 0.00190336 0.00141796 0.00369988 3.41807e-008
0.109 0.00689261 -0.053636 0.00187434 0.00143841 0.00369636 3.52078e-008
0.11 0.00683871 -0.0540158 0.00184533 0.00145885 0.00369283 3.62513e-008
0.111 0.00678442 -0.0543926 0.00181635 0.00147928 0.00368928 3.73113e-008
0.112 0.00672977 -0.0547665 0.0017874 0.00149969 0.00368572 3.83874e-008
0.113 0.00667474 -0.0551375 0.00175848 0.00152007 0.00368215 3.94795e-008
0.114 0.00661934 -0.0555055 0.0017296 0.00154043 0.00367857 4.05876e-008
0.115 0.00656357 -0.0558704 0.00170077 0.00156075 0.00367497 4.17113e-008
0.116 0.00650745 -0.0562323 0.001672 0.00158104 0.00367137 4.28506e-008
0.117 0.00645096 -0.0565912 0.00164328 0.00160128 0.00366775 4.40051e-008
0.118 0.00639412 -0.056947 0.00161463 0.00162148 0.00366412 4.51748e-008
0.119 0.00633692 -0.0572997 0.00158605 0.00164163 0.00366048 4.63593e-008
0.12 0.00627937 -0.0576493 0.00155756 0.00166172 0.00365684 4.75585e-008
0.121 0.00622148 -0.0579958 0.00152914 0.00168175 0.00365318 4.8772e-008
0.122 0.00616324 -0.0583391 0.00150082 0.00170172 0.00364952 4.99998e-008
0.123 0.00610466 -0.0586792 0.0014726 0.00172163 0.00364585 5.12414e-008
0.124 0.00604574 -0.0590162 0.00144448 0.00174145 0.00364217 5.24966e-008
0.125 0.00598649 -0.0593499 0.00141648 0.00176121 0.00363848 5.37652e-008
0.126 0.0059269 -0.0596804 0.00138858 0.00178088 0.00363479 5.50468e-008
0.127 0.00586699 -0.0600077 0.00136082 0.00180046 0.00363109 5.63412e-008
0.128 0.00580675 -0.0603317 0.00133318 0.00181995 0.00362738 5.7648e-008
0.129 0.00574619 -0.0606524 0.00130567 0.00183935 0.00362367 5.89669e-008
0.13 0.00568531 -0.0609698 0.00127831 0.00185866 0.00361996 6.02976e-008
0.131 0.00562412 -0.0612838 0.00125109 0.00187785 0.00361624 6.16397e-008
0.132 0.00556262 -0.0615946 0.00122403 0.00189695 0.00361252 6.29929e-008
0.133 0.00550081 -0.0619019 0.00119712 0.00191592 0.00360879 6.43568e-008
0.134 0.00543869 -0.0622059 0.00117038 0.00193479 0.00360506 6.57311e-008
0.135 0.00537627 -0.0625065 0.00114382 0.00195353 0.00360132 6.71153e-008
0.136 0.00531355 -0.0628037 0.00111743 0.00197215 0.00359759 6.85092e-008
0.137 0.00525054 -0.0630975 0.00109122 0.00199064 0.00359385 6.99123e-008
0.138 0.00518724 -0.0633878 0.0010652 0.002009 0.00359011 7.13242e-008
0.139 0.00512364 -0.0636746 0.00103937 0.00202723 0.00358637 7.27444e-008
0.14 0.00505977 -0.063958 0.00101375 0.00204531 0.00358263 7.41727e-008
0.141 0.00499561 -0.0642378 0.00098833 0.00206325 0.00357889 7.56085e-008
0.142 0.00493118 -0.0645142 0.000963123 0.00208104 0.00357515 7.70515e-008
0.143 0.00486647 -0.064787 0.000938134 0.00209868 0.00357142 7.85012e-008
0.144 0.00480149 -0.0650562 0.000913367 0.00211616 0.00356768 7.99571e-008
0.145 0.00473625 -0.0653219 0.000888829 0.00213348 0.00356394 8.14189e-008
0.146 0.00467074 -0.0655841 0.000864525 0.00215063 0.00356021 8.28859e-008
0.147 0.00460497 -0.0658426 0.000840461 0.00216762 0.00355648 8.43579e-008
0.148 0.00453895 -0.0660975 0.000816641 0.00218444 0.00355275 8.58343e-008
0.149 0.00447267 -0.0663488 0.000793072 0.00220108 0.00354903 8.73147e-008
0.15 0.00440615 -0.0665964 0.000769758 0.00221754 0.00354531 8.87985e-008
0.151 0.00433938 -0.0668404 0.000746705 0.00223382 0.00354159 9.02854e-008
0.152 0.00427237 -0.0670807 0.000723918 0.00224991 0.00353788 9.17747e-008
0.153 0.00420512 -0.0673173 0.000701402 0.00226581 0.00353418 9.32661e-008
0.154 0.00413764 -0.0675503 0.000679162 0.00228152 0.00353048 9.4759e-008
0.155 0.00406992 -0.0677795 0.000657204 0.00229703 0.00352678 9.6253e-008
0.156 0.00400199 -0.0680049 0.000635532 0.00231234 0.00352309 9.77475e-008
0.157 0.00393382 -0.0682267 0.000614151 0.00232744 0.00351941 9.9242e-008
0.158 0.00386544 -0.0684447 0.000593066 0.00234234 0.00351574 1.00736e-007
0.159 0.00379685 -0.0686589 0.000572282 0.00235702 0.00351208 1.02229e-007
0.16 0.00372804 -0.0688693 0.000551803 0.00237149 0.00350842 1.03721e-007
0.161 0.00365902 -0.0690759 0.000531635 0.00238574 0.00350477 1.0521e-007
0.162 0.0035898 -0.0692787 0.000511782 0.00239977 0.00350113 1.06697e-007
0.163 0.00352038 -0.0694777 0.000492247 0.00241358 0.0034975 1.08181e-007
0.164 0.00345077 -0.0696729 0.000473037 0.00242716 0.00349388 1.09662e-007
0.165 0.00338096 -0.0698642 0.000454155 0.0024405 0.00349027 1.11138e-007
0.166 0.00331096 -0.0700517 0.000435606 0.00245362 0.00348667 1.1261e-007
0.167 0.00324078 -0.0702353 0.000417393 0.0024665 0.00348308 1.14077e-007
0.168 0.00317042 -0.070415 0.000399521 0.00247913 0.00347951 1.15538e-007
0.169 0.00309988 -0.0705908 0.000381995 0.00249153 0.00347594 1.16993e-007
0.17 0.00302916 -0.0707627 0.000364817 0.00250368 0.00347239 1.18442e-007
0.171 0.00295828 -0.0709307 0.000347993 0.00251558 0.00346885 1.19883e-007
0.172 0.00288723 -0.0710947 0.000331526 0.00252723 0.00346533 1.21317e-007
0.173 0.00281603 -0.0712549 0.000315419 0.00253863 0.00346181 1.22743e-007
0.174 0.00274466 -0.071411 0.000299678 0.00254977 0.00345831 1.2416e-007
0.175 0.00267314 -0.0715633 0.000284304 0.00256065 0.00345483 1.25568e-007
0.176 0.00260147 -0.0717115 0.000269302 0.00257127 0.00345136 1.26966e-007
0.177 0.00252966 -0.0718558 0.000254676 0.00258163 0.0034479 1.28354e-007
0.178 0.0024577 -0.071996 0.000240428 0.00259172 0.00344446 1.29731e-007
0.179 0.00238561 -0.0721323 0.000226562 0.00260154 0.00344104 1.31098e-007
0.18 0.00231338 -0.0722646 0.000213082 0.00261109 0.00343763 1.32453e-007
0.181 0.00224103 -0.0723929 0.00019999 0.00262036 0.00343424 1.33796e-007
0.182 0.00216855 -0.0725171 0.00018729 0.00262936 0.00343086 1.35126e-007
0.183 0.00209595 -0.0726373 0.000174985 0.00263809 0.00342751 1.36443e-007
0.184 0.00202323 -0.0727535 0.000163077 0.00264653 0.00342417 1.37747e-007
0.185 0.00195039 -0.0728656 0.000151569 0.0026547 0.00342084 1.39038e-007
0.186 0.00187745 -0.0729736 0.000140465 0.00266257 0.00341754 1.40313e-007
0.187 0.0018044 -0.0730776 0.000129766 0.00267017 0.00341425 1.41574e-007
0.188 0.00173126 -0.0731775 0.000119476 0.00267747 0.00341099 1.4282e-007
0.189 0.00165801 -0.0732734 0.000109596 0.00268449 0.00340774 1.44051e-007
0.19 0.00158467 -0.0733651 0.00010013 0.00269122 0.00340451 1.45265e-007
0.191 0.00151124 -0.0734528 9.10787e-005 0.00269765 0.00340131 1.46463e-007
0.192 0.00143773 -0.0735363 8.24456e-005 0.00270379 0.00339812 1.47644e-007
0.193 0.00136414 -0.0736157 7.42323e-005 0.00270964 0.00339495 1.48807e-007
0.194 0.00129047 -0.0736911 6.64409e-005 0.00271519 0.00339181 1.49954e-007
0.195 0.00121673 -0.0737623 5.90733e-005 0.00272044 0.00338868 1.51082e-007
0.196 0.00114292 -0.0738294 5.21313e-005 0.00272539 0.00338558 1.52192e-007
0.197 0.00106905 -0.0738923 4.56167e-005 0.00273004 0.0033825 1.53283e-007
0.198 0.000995111 -0.0739512 3.95311e-005 0.00273439 0.00337944 1.54355e-007
0.199 0.000921121 -0.0740058 3.38761e-005 0.00273843 0.00337641 1.55408e-007
0.2 0.00084708 -0.0740564 2.86532e-005 0.00274217 0.0033734 1.56442e-007
0.201 0.000772991 -0.0741028 2.38637e-005 0.00274561 0.00337041 1.57455e-007
0.202 0.000698858 -0.074145 1.95088e-005 0.00274874 0.00336744 1.58448e-007
0.203 0.000624686 -0.0741831 1.55898e-005 0.00275156 0.0033645 1.5942e-007
0.204 0.000550479 -0.074217 1.21078e-005 0.00275408 0.00336158 1.60372e-007
0.205 0.000476241 -0.0742467 9.06359e-006 0.00275629 0.00335868 1.61302e-007
0.206 0.000401976 -0.0742723 6.45821e-006 0.00275819 0.00335581 1.62211e-007
0.207 0.000327689 -0.0742937 4.29239e-006 0.00275978 0.00335297 1.63099e-007
0.208 0.000253383 -0.0743109 2.56682e-006 0.00276106 0.00335015 1.63964e-007
0.209 0.000179063 -0.074324 1.28208e-006 0.00276203 0.00334735 1.64808e-007
0.21 0.000104733 -0.0743328 4.38668e-007 0.00276269 0.00334459 1.65629e-007
0.211 3.03969e-005 -0.0743375 3.69567e-008 0.00276303 0.00334184 1.66428e-007
0.212 -4.39408e-005 -0.074338 7.72386e-008 0.00276307 0.00333913 1.67204e-007
0.213 -0.000118276 -0.0743343 5.59702e-007 0.0027628 0.00333644 1.67957e-007
0.214 -0.000192605 -0.0743265 1.48443e-006 0.00276221 0.00333377 1.68688e-007
0.215 -0.000266922 -0.0743144 2.85143e-006 0.00276131 0.00333113 1.69395e-007
0.216 -0.000341225 -0.0742981 4.66056e-006 0.00276011 0.00332852 1.70079e-007
0.217 -0.000415509 -0.0742777 6.91164e-006 0.00275859 0.00332594 1.7074e-007
0.218 -0.000489769 -0.074253 9.60434e-006 0.00275676 0.00332339 1.71377e-007
0.219 -0.000564001 -0.0742242 1.27383e-005 0.00275462 0.00332086 1.7199e-007
0.22 -0.000638202 -0.0741912 1.63129e-005 0.00275217 0.00331836 1.7258e-007
0.221 -0.000712366 -0.074154 2.03276e-005 0.00274941 0.00331589 1.73147e-007
0.222 -0.000786491 -0.0741126 2.47817e-005 0.00274634 0.00331345 1.73689e-007
0.223 -0.000860571 -0.074067 2.96743e-005 0.00274296 0.00331103 1.74208e-007
0.224 -0.000934602 -0.0740172 3.50046e-005 0.00273927 0.00330865 1.74703e-007
0.225 -0.00100858 -0.0739632 4.07716e-005 0.00273528 0.00330629 1.75174e-007
0.226 -0.0010825 -0.073905 4.69741e-005 0.00273097 0.00330396 1.75621e-007
0.227 -0.00115636 -0.0738426 5.36109e-005 0.00272637 0.00330166 1.76044e-007
0.228 -0.00123016 -0.0737761 6.06807e-005 0.00272146 0.00329939 1.76444e-007
0.229 -0.00130388 -0.0737054 6.81822e-005 0.00271624 0.00329716 1.7682e-007
0.23 -0.00137754 -0.0736305 7.61137e-005 0.00271072 0.00329495 1.77172e-007
0.231 -0.00145111 -0.0735514 8.44737e-005 0.0027049 0.00329277 1.77501e-007
0.232 -0.0015246 -0.0734681 9.32605e-005 0.00269878 0.00329062 1.77806e-007
0.233 -0.00159801 -0.0733807 0.000102472 0.00269236 0.0032885 1.78087e-007
0.234 -0.00167132 -0.0732891 0.000112107 0.00268564 0.00328641 1.78346e-007
0.235 -0.00174454 -0.0731933 0.000122163 0.00267863 0.00328435 1.78581e-007
0.236 -0.00181767 -0.0730933 0.000132638 0.00267132 0.00328233 1.78793e-007
0.237 -0.00189069 -0.0729892 0.00014353 0.00266372 0.00328033 1.78982e-007
0.238 -0.0019636 -0.072881 0.000154836 0.00265582 0.00327837 1.79148e-007
0.239 -0.0020364 -0.0727686 0.000166554 0.00264763 0.00327643 1.79292e-007
0.24 -0.00210908 -0.0726521 0.000178682 0.00263916 0.00327453 1.79414e-007
0.241 -0.00218165 -0.0725314 0.000191217 0.0026304 0.00327266 1.79513e-007
0.242 -0.00225409 -0.0724066 0.000204156 0.00262135 0.00327082 1.7959e-007
0.243 -0.00232641 -0.0722776 0.000217497 0.00261203 0.00326901 1.79646e-007
0.244 -0.00239859 -0.0721445 0.000231237 0.00260242 0.00326723 1.7968e-007
0.245 -0.00247064 -0.0720073 0.000245372 0.00259253 0.00326549 1.79693e-007
0.246 -0.00254254 -0.071866 0.0002599 0.00258236 0.00326377 1.79684e-007
0.247 -0.00261431 -0.0717206 0.000274818 0.00257192 0.00326209 1.79656e-007
0.248 -0.00268592 -0.0715711 0.000290122 0.00256121 0.00326044 1.79606e-007
0.249 -0.00275738 -0.0714175 0.000305809 0.00255023 0.00325882 1.79537e-007
0.25 -0.00282869 -0.0712598 0.000321876 0.00253898 0.00325724 1.79447e-007
0.251 -0.00289983 -0.0710981 0.000338319 0.00252747 0.00325568 1.79339e-007
0.252 -0.00297081 -0.0709322 0.000355134 0.00251569 0.00325416 1.79211e-007
0.253 -0.00304163 -0.0707623 0.000372319 0.00250365 0.00325267 1.79064e-007
0.254 -0.00311226 -0.0705884 0.000389868 0.00249136 0.00325122 1.78898e-007
0.255 -0.00318273 -0.0704104 0.000407779 0.00247881 0.00324979 1.78715e-007
0.256 -0.00325301 -0.0702284 0.000426046 0.00246601 0.0032484 1.78513e-007
0.257 -0.0033231 -0.0700423 0.000444668 0.00245296 0.00324704 1.78295e-007
0.258 -0.00339301 -0.0698522 0.000463638 0.00243967 0.00324572 1.78059e-007
0.259 -0.00346272 -0.0696582 0.000482953 0.00242613 0.00324442 1.77807e-007
0.26 -0.00353224 -0.0694601 0.000502609 0.00241235 0.00324316 1.77538e-007
0.261 -0.00360156 -0.069258 0.000522602 0.00239833 0.00324193 1.77254e-007
0.262 -0.00367067 -0.0690519 0.000542926 0.00238408 0.00324073 1.76954e-007
0.263 -0.00373957 -0.0688419 0.000563578 0.0023696 0.00323957 1.76639e-007
0.264 -0.00380826 -0.0686279 0.000584552 0.0023549 0.00323843 1.7631e-007
0.265 -0.00387673 -0.06841 0.000605845 0.00233996 0.00323733 1.75967e-007
0.266 -0.00394499 -0.0681881 0.000627451 0.00232481 0.00323627 1.7561e-007
0.267 -0.00401301 -0.0679623 0.000649366 0.00230944 0.00323523 1.7524e-007
0.268 -0.00408081 -0.0677326 0.000671584 0.00229385 0.00323423 1.74857e-007
0.269 -0.00414838 -0.067499 0.000694101 0.00227806 0.00323326 1.74462e-007
0.27 -0.00421571 -0.0672615 0.000716911 0.00226205 0.00323232 1.74055e-007
0.271 -0.0042828 -0.0670201 0.000740011 0.00224584 0.00323141 1.73637e-007
0.272 -0.00434964 -0.0667748 0.000763393 0.00222944 0.00323054 1.73207e-007
0.273 -0.00441624 -0.0665257 0.000787054 0.00221283 0.0032297 1.72768e-007
0.274 -0.00448259 -0.0662728 0.000810987 0.00219604 0.00322889 1.72319e-007
0.275 -0.00454868 -0.066016 0.000835188 0.00217905 0.00322811 1.7186e-007
0.276 -0.00461451 -0.0657554 0.000859651 0.00216189 0.00322736 1.71393e-007
0.277 -0.00468008 -0.065491 0.00088437 0.00214453 0.00322665 1.70917e-007
0.278 -0.00474538 -0.0652228 0.00090934 0.00212701 0.00322597 1.70433e-007
0.279 -0.00481041 -0.0649509 0.000934555 0.00210931 0.00322532 1.69942e-007
0.28 -0.00487516 -0.0646751 0.00096001 0.00209144 0.0032247 1.69444e-007
0.281 -0.00493964 -0.0643957 0.000985698 0.0020734 0.00322411 1.6894e-007
0.282 -0.00500383 -0.0641125 0.00101161 0.00205521 0.00322356 1.6843e-007
0.283 -0.00506774 -0.0638256 0.00103775 0.00203685 0.00322303 1.67914e-007
0.284 -0.00513136 -0.063535 0.00106411 0.00201835 0.00322254 1.67394e-007
0.285 -0.00519468 -0.0632407 0.00109067 0.00199969 0.00322208 1.66869e-007
0.286 -0.00525771 -0.0629428 0.00111744 0.0019809 0.00322164 1.66341e-007
0.287 -0.00532044 -0.0626412 0.00114441 0.00196196 0.00322124 1.65809e-007
0.288 -0.00538286 -0.0623359 0.00117157 0.00194288 0.00322087 1.65274e-007
0.289 -0.00544498 -0.0620271 0.00119891 0.00192368 0.00322054 1.64738e-007
0.29 -0.00550679 -0.0617146 0.00122643 0.00190435 0.00322023 1.64199e-007
0.291 -0.00556828 -0.0613986 0.00125413 0.00188489 0.00321995 1.63659e-007
0.292 -0.00562945 -0.061079 0.00128199 0.00186532 0.0032197 1.63118e-007
0.293 -0.0056903 -0.0607558 0.00131002 0.00184563 0.00321948 1.62577e-007
0.294 -0.00575082 -0.0604291 0.00133819 0.00182584 0.0032193 1.62037e-007
0.295 -0.00581101 -0.0600989 0.00136652 0.00180594 0.00321914 1.61497e-007
0.296 -0.00587088 -0.0597652 0.00139499 0.00178594 0.00321901 1.60958e-007
0.297 -0.0059304 -0.059428 0.00142359 0.00176584 0.00321891 1.60421e-007
0.298 -0.00598959 -0.0590874 0.00145232 0.00174566 0.00321884 1.59885e-007
0.299 -0.00604843 -0.0587433 0.00148117 0.00172539 0.0032188 1.59353e-007
0.3 -0.00610693 -0.0583958 0.00151013 0.00170503 0.00321879 1.58824e-007
0.301 -0.00616507 -0.0580448 0.00153921 0.0016846 0.0032188 1.58298e-007
0.302 -0.00622286 -0.0576905 0.00156838 0.0016641 0.00321885 1.57776e-007
0.303 -0.0062803 -0.0573329 0.00159765 0.00164353 0.00321892 1.57259e-007
0.304 -0.00633738 -0.0569719 0.00162701 0.0016229 0.00321902 1.56746e-007
0.305 -0.00639409 -0.0566075 0.00165645 0.00160221 0.00321915 1.56239e-007
0.306 -0.00645044 -0.0562399 0.00168596 0.00158146 0.00321931 1.55738e-007
0.307 -0.00650641 -0.055869 0.00171554 0.00156067 0.00321949 1.55242e-007
0.308 -0.00656201 -0.0554948 0.00174518 0.00153983 0.00321971 1.54754e-007
0.309 -0.00661724 -0.0551173 0.00177488 0.00151896 0.00321995 1.54272e-007
0.31 -0.00667209 -0.0547367 0.00180462 0.00149805 0.00322021 1.53798e-007
0.311 -0.00672655 -0.0543528 0.0018344 0.00147711 0.0032205 1.53332e-007
0.312 -0.00678063 -0.0539658 0.00186422 0.00145615 0.00322082 1.52873e-007
0.313 -0.00683432 -0.0535756 0.00189406 0.00143517 0.00322117 1.52424e-007
0.314 -0.00688761 -0.0531823 0.00192392 0.00141418 0.00322154 1.51983e-007
0.315 -0.00694051 -0.0527858 0.00195379 0.00139317 0.00322194 1.51552e-007
0.316 -0.00699301 -0.0523863 0.00198367 0.00137216 0.00322236 1.5113e-007
0.317 -0.00704511 -0.0519837 0.00201355 0.00135115 0.00322281 1.50718e-007
0.318 -0.00709681 -0.051578 0.00204342 0.00133015 0.00322328 1.50316e-007
0.319 -0.0071481 -0.0511694 0.00207328 0.00130915 0.00322378 1.49925e-007
0.32 -0.00719897 -0.0507577 0.00210311 0.00128817 0.0032243 1.49545e-007
0.321 -0.00724944 -0.050343 0.00213291 0.00126721 0.00322484 1.49176e-007
0.322 -0.00729948 -0.0499254 0.00216268 0.00124627 0.00322541 1.48818e-007
0.323 -0.00734911 -0.0495049 0.0021924 0.00122537 0.00322601 1.48472e-007
0.324 -0.00739831 -0.0490814 0.00222208 0.00120449 0.00322663 1.48139e-007
0.325 -0.00744709 -0.0486551 0.0022517 0.00118366 0.00322727 1.47817e-007
0.326 -0.00749544 -0.0482259 0.00228125 0.00116287 0.00322793 1.47508e-007
0.327 -0.00754336 -0.0477939 0.00231073 0.00114213 0.00322861 1.47211e-007
0.328 -0.00759084 -0.0473591 0.00234014 0.00112144 0.00322932 1.46928e-007
0.329 -0.00763789 -0.0469215 0.00236946 0.00110081 0.00323005 1.46658e-007
0.33 -0.0076845 -0.0464811 0.00239869 0.00108025 0.0032308 1.46401e-007
0.331 -0.00773066 -0.046038 0.00242782 0.00105975 0.00323158 1.46157e-007
0.332 -0.00777639 -0.0455922 0.00245685 0.00103932 0.00323237 1.45927e-007
0.333 -0.00782166 -0.0451437 0.00248577 0.00101898 0.00323319 1.45711e-007
0.334 -0.00786648 -0.0446926 0.00251456 0.000998713 0.00323402 1.45509e-007
0.335 -0.00791085 -0.0442388 0.00254324 0.000978535 0.00323488 1.45321e-007
0.336 -0.00795477 -0.0437824 0.00257178 0.000958449 0.00323576 1.45147e-007
0.337 -0.00799822 -0.0433234 0.00260018 0.00093846 0.00323665 1.44987e-007
0.338 -0.00804122 -0.0428619 0.00262844 0.000918572 0.00323757 1.44842e-007
0.339 -0.00808375 -0.0423979 0.00265654 0.00089879 0.0032385 1.44711e-007
0.34 -0.00812581 -0.0419313 0.00268449 0.000879118 0.00323946 1.44595e-007
0.341 -0.00816741 -0.0414623 0.00271227 0.000859562 0.00324043 1.44493e-007
0.342 -0.00820854 -0.0409909 0.00273988 0.000840125 0.00324142 1.44406e-007
0.343 -0.00824919 -0.040517 0.00276731 0.000820813 0.00324243 1.44334e-007
0.344 -0.00828937 -0.0400407 0.00279456 0.000801629 0.00324345 1.44276e-007
0.345 -0.00832907 -0.0395621 0.00282161 0.000782579 0.00324449 1.44233e-007
0.346 -0.00836829 -0.0390811 0.00284847 0.000763666 0.00324555 1.44205e-007
0.347 -0.00840703 -0.0385978 0.00287513 0.000744896 0.00324663 1.44191e-007
0.348 -0.00844528 -0.0381123 0.00290158 0.000726273 0.00324772 1.44192e-007
0.349 -0.00848305 -0.0376245 0.00292781 0.0007078 0.00324883 1.44207e-007
0.35 -0.00852032 -0.0371344 0.00295381 0.000689483 0.00324995 1.44237e-007
0.351 -0.00855711 -0.0366422 0.00297959 0.000671326 0.00325109 1.44282e-007
0.352 -0.0085934 -0.0361478 0.00300514 0.000653333 0.00325225 1.4434e-007
0.353 -0.00862919 -0.0356513 0.00303044 0.000635508 0.00325342 1.44413e-007
0.354 -0.00866449 -0.0351527 0.0030555 0.000617855 0.0032546 1.445e-007
0.355 -0.00869928 -0.034652 0.00308031 0.000600379 0.0032558 1.44602e-007
0.356 -0.00873358 -0.0341492 0.00310486 0.000583084 0.00325701 1.44717e-007
0.357 -0.00876737 -0.0336444 0.00312914 0.000565973 0.00325823 1.44846e-007
0.358 -0.00880065 -0.0331376 0.00315315 0.000549051 0.00325947 1.44988e-007
0.359 -0.00883343 -0.0326289 0.00317689 0.000532323 0.00326072 1.45144e-007
0.36 -0.00886569 -0.0321182 0.00320035 0.00051579 0.00326198 1.45314e-007
0.361 -0.00889745 -0.0316057 0.00322352 0.000499459 0.00326325 1.45496e-007
0.362 -0.00892869 -0.0310912 0.0032464 0.000483332 0.00326454 1.45691e-007
0.363 -0.00895941 -0.0305749 0.00326898 0.000467414 0.00326583 1.45899e-007
0.364 -0.00898962 -0.0300568 0.00329126 0.000451707 0.00326714 1.4612e-007
0.365 -0.0090193 -0.029537 0.00331323 0.000436216 0.00326846 1.46353e-007
0.366 -0.00904847 -0.0290153 0.00333489 0.000420945 0.00326979 1.46598e-007
0.367 -0.00907711 -0.028492 0.00335623 0.000405897 0.00327112 1.46855e-007
0.368 -0.00910523 -0.027967 0.00337725 0.000391076 0.00327247 1.47123e-007
0.369 -0.00913282 -0.0274403 0.00339793 0.000376485 0.00327383 1.47403e-007
0.37 -0.00915989 -0.026912 0.00341829 0.000362127 0.00327519 1.47693e-007
0.371 -0.00918642 -0.026382 0.0034383 0.000348006 0.00327657 1.47995e-007
0.372 -0.00921243 -0.0258506 0.00345798 0.000334126 0.00327795 1.48307e-007
0.373 -0.0092379 -0.0253176 0.0034773 0.000320489 0.00327934 1.48629e-007
0.374 -0.00926284 -0.024783 0.00349628 0.000307099 0.00328074 1.48961e-007
0.375 -0.00928724 -0.0242471 0.0035149 0.00029396 0.00328214 1.49303e-007
0.376 -0.0093111 -0.0237096 0.00353315 0.000281073 0.00328355 1.49654e-007
0.377 -0.00933443 -0.0231708 0.00355104 0.000268443 0.00328497 1.50013e-007
0.378 -0.00935722 -0.0226306 0.00356856 0.000256072 0.00328639 1.50382e-007
0.379 -0.00937946 -0.022089 0.00358571 0.000243963 0.00328782 1.50759e-007
0.38 -0.00940116 -0.0215462 0.00360248 0.000232119 0.00328926 1.51144e-007
0.381 -0.00942232 -0.021002 0.00361887 0.000220543 0.0032907 1.51536e-007
0.382 -0.00944294 -0.0204566 0.00363487 0.000209237 0.00329214 1.51936e-007
0.383 -0.009463 -0.01991 0.00365048 0.000198205 0.00329359 1.52343e-007
0.384 -0.00948252 -0.0193622 0.0036657 0.000187448 0.00329505 1.52756e-007
0.385 -0.0095015 -0.0188133 0.00368053 0.00017697 0.0032965 1.53176e-007
0.386 -0.00951992 -0.0182632 0.00369495 0.000166773 0.00329796 1.53601e-007
0.387 -0.00953779 -0.0177121 0.00370897 0.000156859 0.00329943 1.54032e-007
0.388 -0.00955511 -0.0171599 0.00372258 0.000147231 0.00330089 1.54468e-007
0.389 -0.00957188 -0.0166067 0.00373578 0.000137891 0.00330236 1.54909e-007
0.39 -0.00958809 -0.0160525 0.00374857 0.000128841 0.00330383 1.55354e-007
0.391 -0.00960374 -0.0154973 0.00376094 0.000120084 0.00330531 1.55804e-007
0.392 -0.00961885 -0.0149413 0.00377289 0.000111621 0.00330678 1.56256e-007
0.393 -0.00963339 -0.0143843 0.00378442 0.000103454 0.00330825 1.56712e-007
0.394 -0.00964738 -0.0138265 0.00379552 9.55855e-005 0.00330973 1.57171e-007
0.395 -0.00966081 -0.0132678 0.0038062 8.80175e-005 0.00331121 1.57633e-007
0.396 -0.00967368 -0.0127084 0.00381645 8.07515e-005 0.00331268 1.58096e-007
0.397 -0.00968599 -0.0121482 0.00382626 7.37893e-005 0.00331416 1.58562e-007
0.398 -0.00969774 -0.0115873 0.00383564 6.71326e-005 0.00331563 1.59028e-007
0.399 -0.00970892 -0.0110257 0.00384458 6.07828e-005 0.00331711 1.59496e-007
0.4 -0.00971955 -0.0104634 0.00385308 5.47416e-005 0.00331858 1.59964e-007
0.401 -0.00972961 -0.00990054 0.00386114 4.90104e-005 0.00332005 1.60432e-007
0.402 -0.00973911 -0.00933707 0.00386876 4.35905e-005 0.00332152 1.609e-007
0.403 -0.00974805 -0.00877305 0.00387593 3.84832e-005 0.00332299 1.61368e-007
0.404 -0.00975642 -0.0082085 0.00388266 3.36897e-005 0.00332445 1.61834e-007
0.405 -0.00976423 -0.00764347 0.00388893 2.92113e-005 0.00332592 1.623e-007
0.406 -0.00977147 -0.00707797 0.00389476 2.50489e-005 0.00332738 1.62763e-007
0.407 -0.00977814 -0.00651206 0.00390014 2.12035e-005 0.00332883 1.63225e-007
0.408 -0.00978425 -0.00594576 0.00390506 1.76761e-005 0.00333028 1.63684e-007
0.409 -0.0097898 -0.00537911 0.00390953 1.44674e-005 0.00333173 1.6414e-007
0.41 -0.00979477 -0.00481214 0.00391354 1.15783e-005 0.00333318 1.64593e-007
0.411 -0.00979918 -0.00424488 0.0039171 9.00949e-006 0.00333461 1.65043e-007
0.412 -0.00980302 -0.00367736 0.0039202 6.7615e-006 0.00333605 1.65489e-007
0.413 -0.00980629 -0.00310963 0.00392285 4.83491e-006 0.00333748 1.65931e-007
0.414 -0.009809 -0.00254172 0.00392503 3.23016e-006 0.0033389 1.66368e-007
0.415 -0.00981114 -0.00197365 0.00392676 1.94764e-006 0.00334032 1.668e-007
0.416 -0.00981271 -0.00140546 0.00392803 9.87661e-007 0.00334173 1.67227e-007
0.417 -0.00981371 -0.000837192 0.00392884 3.50446e-007 0.00334314 1.67649e-007
0.418 -0.00981414 -0.000268873 0.00392919 3.61464e-008 0.00334454 1.68065e-007
0.419 -0.00981401 0.000299462 0.00392908 4.48387e-008 0.00334593 1.68474e-007
0.42 -0.0098133 0.000867779 0.00392851 3.76521e-007 0.00334731 1.68878e-007
0.421 -0.00981203 0.00143605 0.00392748 1.03111e-006 0.00334869 1.69274e-007
0.422 -0.00981019 0.00200423 0.00392599 2.00846e-006 0.00335006 1.69663e-007
0.423 -0.00980778 0.00257229 0.00392405 3.30833e-006 0.00335142 1.70046e-007
0.424 -0.0098048 0.00314019 0.00392164 4.93041e-006 0.00335277 1.7042e-007
0.425 -0.00980126 0.00370792 0.00391878 6.87432e-006 0.00335412 1.70787e-007
0.426 -0.00979715 0.00427542 0.00391546 9.13959e-006 0.00335545 1.71146e-007
0.427 -0.00979247 0.00484266 0.00391169 1.17257e-005 0.00335678 1.71496e-007
0.428 -0.00978722 0.00540962 0.00390746 1.4632e-005 0.0033581 1.71838e-007
0.429 -0.00978141 0.00597626 0.00390277 1.78578e-005 0.00335941 1.7217e-007
0.43 -0.00977503 0.00654254 0.00389763 2.14024e-005 0.00336071 1.72494e-007
0.431 -0.00976809 0.00710843 0.00389204 2.52649e-005 0.00336199 1.72809e-007
0.432 -0.00976058 0.00767389 0.003886 2.94443e-005 0.00336327 1.73114e-007
0.433 -0.0097525 0.00823891 0.00387951 3.39398e-005 0.00336454 1.73409e-007
0.434 -0.00974386 0.00880343 0.00387257 3.87502e-005 0.0033658 1.73695e-007
0.435 -0.00973466 0.00936742 0.00386519 4.38743e-005 0.00336704 1.7397e-007
0.436 -0.00972489 0.00993086 0.00385736 4.9311e-005 0.00336828 1.74235e-007
0.437 -0.00971456 0.0104937 0.00384909 5.5059e-005 0.0033695 1.7449e-007
0.438 -0.00970366 0.0110559 0.00384037 6.11169e-005 0.00337071 1.74734e-007
0.439 -0.00969221 0.0116175 0.00383122 6.74832e-005 0.00337191 1.74968e-007
0.44 -0.00968019 0.0121784 0.00382164 7.41565e-005 0.0033731 1.75191e-007
0.441 -0.00966761 0.0127385 0.00381162 8.11351e-005 0.00337428 1.75403e-007
0.442 -0.00965448 0.0132979 0.00380117 8.84174e-005 0.00337544 1.75603e-007
0.443 -0.00964078 0.0138565 0.00379029 9.60017e-005 0.00337659 1.75793e-007
0.444 -0.00962653 0.0144143 0.00377898 0.000103886 0.00337773 1.75971e-007
0.445 -0.00961172 0.0149712 0.00376725 0.000112069 0.00337885 1.76138e-007
0.446 -0.00959635 0.0155273 0.00375509 0.000120548 0.00337996 1.76294e-007
0.447 -0.00958043 0.0160824 0.00374252 0.000129321 0.00338106 1.76438e-007
0.448 -0.00956395 0.0166365 0.00372954 0.000138387 0.00338215 1.76571e-007
0.449 -0.00954692 0.0171897 0.00371614 0.000147743 0.00338322 1.76692e-007
0.45 -0.00952934 0.0177418 0.00370234 0.000157386 0.00338427 1.76801e-007
0.451 -0.00951121 0.0182929 0.00368813 0.000167315 0.00338532 1.76899e-007
0.452 -0.00949252 0.0188429 0.00367351 0.000177528 0.00338634 1.76985e-007
0.453 -0.00947329 0.0193918 0.0036585 0.000188021 0.00338736 1.7706e-007
0.454 -0.00945351 0.0199395 0.00364309 0.000198792 0.00338836 1.77123e-007
0.455 -0.00943318 0.0204861 0.00362729 0.000209839 0.00338934 1.77174e-007
0.456 -0.00941231 0.0210314 0.00361111 0.00022116 0.00339031 1.77214e-007
0.457 -0.00939089 0.0215755 0.00359454 0.00023275 0.00339126 1.77242e-007
0.458 -0.00936893 0.0221183 0.00357759 0.000244609 0.0033922 1.77259e-007
0.459 -0.00934642 0.0226598 0.00356026 0.000256732 0.00339313 1.77264e-007
0.46 -0.00932338 0.0231999 0.00354256 0.000269117 0.00339403 1.77258e-007
0.461 -0.0092998 0.0237386 0.0035245 0.000281762 0.00339493 1.7724e-007
0.462 -0.00927567 0.024276 0.00350607 0.000294662 0.0033958 1.77211e-007
0.463 -0.00925102 0.0248119 0.00348728 0.000307815 0.00339666 1.77172e-007
0.464 -0.00922583 0.0253463 0.00346814 0.000321219 0.00339751 1.77121e-007
0.465 -0.0092001 0.0258793 0.00344864 0.000334869 0.00339834 1.77059e-007
0.466 -0.00917384 0.0264107 0.00342881 0.000348762 0.00339915 1.76987e-007
0.467 -0.00914706 0.0269405 0.00340863 0.000362896 0.00339994 1.76903e-007
0.468 -0.00911974 0.0274687 0.00338812 0.000377266 0.00340072 1.7681e-007
0.469 -0.0090919 0.0279954 0.00336727 0.00039187 0.00340149 1.76706e-007
0.47 -0.00906353 0.0285203 0.0033461 0.000406704 0.00340223 1.76592e-007
0.471 -0.00903463 0.0290436 0.00332461 0.000421764 0.00340296 1.76467e-007
0.472 -0.00900522 0.0295651 0.0033028 0.000437047 0.00340367 1.76333e-007
0.473 -0.00897529 0.0300849 0.00328068 0.00045255 0.00340437 1.76189e-007
0.474 -0.00894483 0.0306029 0.00325826 0.000468268 0.00340505 1.76036e-007
0.475 -0.00891386 0.0311191 0.00323553 0.000484198 0.00340571 1.75873e-007
0.476 -0.00888238 0.0316334 0.00321251 0.000500336 0.00340635 1.75702e-007
0.477 -0.00885038 0.0321459 0.00318921 0.000516679 0.00340698 1.75521e-007
0.478 -0.00881787 0.0326564 0.00316561 0.000533222 0.00340759 1.75331e-007
0.479 -0.00878485 0.0331651 0.00314174 0.000549961 0.00340818 1.75134e-007
0.48 -0.00875133 0.0336717 0.0031176 0.000566893 0.00340875 1.74928e-007
0.481 -0.0087173 0.0341764 0.00309319 0.000584014 0.00340931 1.74714e-007
0.482 -0.00868276 0.0346791 0.00306852 0.000601319 0.00340985 1.74492e-007
0.483 -0.00864773 0.0351797 0.00304359 0.000618805 0.00341037 1.74263e-007
0.484 -0.00861219 0.0356782 0.00301841 0.000636467 0.00341088 1.74026e-007
0.485 -0.00857616 0.0361746 0.00299299 0.000654302 0.00341136 1.73782e-007
0.486 -0.00853964 0.0366689 0.00296734 0.000672304 0.00341183 1.73532e-007
0.487 -0.00850262 0.037161 0.00294145 0.00069047 0.00341228 1.73275e-007
0.488 -0.00846511 0.0376509 0.00291533 0.000708796 0.00341272 1.73012e-007
0.489 -0.00842711 0.0381386 0.002889 0.000727277 0.00341313 1.72744e-007
0.49 -0.00838863 0.0386241 0.00286245 0.000745909 0.00341353 1.72469e-007
0.491 -0.00834966 0.0391072 0.0028357 0.000764687 0.00341391 1.72189e-007
0.492 -0.00831021 0.0395881 0.00280874 0.000783607 0.00341427 1.71904e-007
0.493 -0.00827028 0.0400666 0.0027816 0.000802665 0.00341461 1.71615e-007
0.494 -0.00822988 0.0405427 0.00275426 0.000821855 0.00341494 1.7132e-007
0.495 -0.008189 0.0410165 0.00272674 0.000841175 0.00341525 1.71022e-007
0.496 -0.00814764 0.0414878 0.00269905 0.000860618 0.00341554 1.7072e-007
0.497 -0.00810582 0.0419567 0.00267119 0.000880181 0.00341581 1.70414e-007
0.498 -0.00806354 0.0424231 0.00264317 0.000899859 0.00341607 1.70105e-007
0.499 -0.00802078 0.042887 0.00261499 0.000919647 0.0034163 1.69792e-007
0.5 -0.00797757 0.0433484 0.00258666 0.000939541 0.00341652 1.69477e-007
0.501 -0.00793389 0.0438072 0.00255819 0.000959536 0.00341673 1.6916e-007
0.502 -0.00788976 0.0442635 0.00252959 0.000979627 0.00341691 1.68841e-007
0.503 -0.00784518 0.0447171 0.00250085 0.00099981 0.00341708 1.6852e-007
0.504 -0.00780014 0.0451681 0.002472 0.00102008 0.00341722 1.68197e-007
0.505 -0.00775465 0.0456165 0.00244303 0.00104043 0.00341736 1.67873e-007
0.506 -0.00770872 0.0460621 0.00241395 0.00106086 0.00341747 1.67549e-007
0.507 -0.00766234 0.0465051 0.00238477 0.00108136 0.00341756 1.67223e-007
0.508 -0.00761552 0.0469453 0.0023555 0.00110193 0.00341764 1.66898e-007
0.509 -0.00756827 0.0473828 0.00232613 0.00112256 0.0034177 1.66573e-007
0.51 -0.00752057 0.0478175 0.00229669 0.00114325 0.00341775 1.66248e-007
0.511 -0.00747245 0.0482493 0.00226717 0.001164 0.00341777 1.65923e-007
0.512 -0.0074239 0.0486784 0.00223759 0.00118479 0.00341778 1.656e-007
0.513 -0.00737491 0.0491045 0.00220794 0.00120563 0.00341777 1.65278e-007
0.514 -0.00732551 0.0495278 0.00217824 0.0012265 0.00341775 1.64957e-007
0.515 -0.00727568 0.0499482 0.0021485 0.00124741 0.00341771 1.64638e-007
0.516 -0.00722544 0.0503657 0.00211871 0.00126835 0.00341765 1.64322e-007
0.517 -0.00717478 0.0507801 0.00208889 0.00128931 0.00341757 1.64008e-007
0.518 -0.0071237 0.0511917 0.00205905 0.00131029 0.00341748 1.63696e-007
0.519 -0.00707222 0.0516002 0.00202919 0.00133129 0.00341737 1.63387e-007
0.52 -0.00702033 0.0520057 0.00199931 0.00135229 0.00341724 1.63082e-007
0.521 -0.00696804 0.0524081 0.00196943 0.00137331 0.0034171 1.6278e-007
0.522 -0.00691535 0.0528075 0.00193955 0.00139432 0.00341694 1.62482e-007
0.523 -0.00686226 0.0532038 0.00190968 0.00141532 0.00341677 1.62188e-007
0.524 -0.00680878 0.0535969 0.00187983 0.00143632 0.00341657 1.61898e-007
0.525 -0.0067549 0.053987 0.00185 0.0014573 0.00341637 1.61613e-007
0.526 -0.00670064 0.0543738 0.0018202 0.00147826 0.00341614 1.61333e-007
0.527 -0.00664599 0.0547575 0.00179044 0.00149919 0.0034159 1.61058e-007
0.528 -0.00659097 0.055138 0.00176072 0.0015201 0.00341565 1.60787e-007
0.529 -0.00653556 0.0555153 0.00173105 0.00154097 0.00341538 1.60523e-007
0.53 -0.00647978 0.0558893 0.00170143 0.00156181 0.00341509 1.60264e-007
0.531 -0.00642363 0.05626 0.00167188 0.0015826 0.00341479 1.60011e-007
0.532 -0.00636711 0.0566275 0.00164241 0.00160334 0.00341447 1.59764e-007
0.533 -0.00631022 0.0569917 0.001613 0.00162402 0.00341414 1.59524e-007
0.534 -0.00625297 0.0573525 0.00158369 0.00164465 0.00341379 1.5929e-007
0.535 -0.00619536 0.05771 0.00155446 0.00166522 0.00341343 1.59063e-007
0.536 -0.0061374 0.0580641 0.00152534 0.00168572 0.00341305 1.58843e-007
0.537 -0.00607909 0.0584148 0.00149631 0.00170615 0.00341266 1.58629e-007
0.538 -0.00602043 0.0587622 0.0014674 0.0017265 0.00341225 1.58424e-007
0.539 -0.00596142 0.0591061 0.00143861 0.00174676 0.00341183 1.58225e-007
0.54 -0.00590207 0.0594465 0.00140994 0.00176695 0.0034114 1.58034e-007
0.541 -0.00584239 0.0597835 0.0013814 0.00178704 0.00341095 1.57851e-007
0.542 -0.00578237 0.0601171 0.001353 0.00180703 0.00341049 1.57676e-007
0.543 -0.00572201 0.0604471 0.00132475 0.00182693 0.00341001 1.57509e-007
0.544 -0.00566134 0.0607736 0.00129664 0.00184671 0.00340952 1.5735e-007
0.545 -0.00560033 0.0610966 0.00126869 0.0018664 0.00340902 1.57199e-007
0.546 -0.00553901 0.061416 0.00124091 0.00188596 0.00340851 1.57057e-007
0.547 -0.00547737 0.0617318 0.00121329 0.00190541 0.00340798 1.56923e-007
0.548 -0.00541541 0.0620441 0.00118585 0.00192473 0.00340744 1.56798e-007
0.549 -0.00535315 0.0623528 0.0011586 0.00194393 0.00340688 1.56681e-007
0.55 -0.00529058 0.0626578 0.00113153 0.001963 0.00340631 1.56573e-007
0.551 -0.00522771 0.0629592 0.00110466 0.00198193 0.00340574 1.56474e-007
0.552 -0.00516454 0.063257 0.00107799 0.00200072 0.00340514 1.56384e-007
0.553 -0.00510107 0.063551 0.00105152 0.00201937 0.00340454 1.56302e-007
0.554 -0.00503732 0.0638414 0.00102527 0.00203786 0.00340393 1.5623e-007
0.555 -0.00497327 0.0641281 0.000999235 0.00205621 0.0034033 1.56167e-007
0.556 -0.00490894 0.0644111 0.000973426 0.0020744 0.00340266 1.56112e-007
0.557 -0.00484433 0.0646904 0.000947849 0.00209242 0.00340201 1.56067e-007
0.558 -0.00477945 0.0649659 0.000922507 0.00211028 0.00340135 1.56031e-007
0.559 -0.00471429 0.0652376 0.000897408 0.00212797 0.00340068 1.56004e-007
0.56 -0.00464886 0.0655056 0.000872557 0.00214549 0.0034 1.55986e-007
0.561 -0.00458317 0.0657698 0.000847959 0.00216283 0.0033993 1.55977e-007
0.562 -0.00451721 0.0660302 0.000823621 0.00217999 0.0033986 1.55977e-007
0.563 -0.004451 0.0662868 0.000799547 0.00219697 0.00339789 1.55986e-007
0.564 -0.00438453 0.0665395 0.000775743 0.00221375 0.00339717 1.56004e-007
0.565 -0.00431782 0.0667884 0.000752214 0.00223035 0.00339643 1.56031e-007
0.566 -0.00425085 0.0670335 0.000728966 0.00224674 0.00339569 1.56067e-007
0.567 -0.00418365 0.0672746 0.000706003 0.00226294 0.00339494 1.56111e-007
0.568 -0.00411621 0.0675119 0.000683332 0.00227893 0.00339418 1.56165e-007
0.569 -0.00404853 0.0677453 0.000660957 0.00229472 0.00339341 1.56227e-007
0.57 -0.00398062 0.0679749 0.000638883 0.00231029 0.00339263 1.56298e-007
0.571 -0.00391248 0.0682004 0.000617115 0.00232565 0.00339185 1.56377e-007
0.572 -0.00384413 0.0684221 0.000595657 0.00234079 0.00339105 1.56465e-007
0.573 -0.00377555 0.0686398 0.000574516 0.00235571 0.00339025 1.56561e-007
0.574 -0.00370676 0.0688536 0.000553694 0.00237041 0.00338944 1.56665e-007
0.575 -0.00363776 0.0690634 0.000533198 0.00238488 0.00338862 1.56778e-007
0.576 -0.00356855 0.0692692 0.000513032 0.00239911 0.00338779 1.56898e-007
0.577 -0.00349913 0.0694711 0.000493199 0.00241312 0.00338696 1.57026e-007
0.578 -0.00342952 0.069669 0.000473705 0.00242688 0.00338612 1.57162e-007
0.579 -0.00335972 0.0698628 0.000454553 0.00244041 0.00338527 1.57306e-007
0.58 -0.00328972 0.0700527 0.000435749 0.00245369 0.00338442 1.57457e-007
0.581 -0.00321953 0.0702385 0.000417296 0.00246673 0.00338356 1.57615e-007
0.582 -0.00314917 0.0704204 0.000399197 0.00247951 0.00338269 1.5778e-007
0.583 -0.00307862 0.0705981 0.000381458 0.00249205 0.00338182 1.57953e-007
0.584 -0.0030079 0.0707719 0.000364083 0.00250433 0.00338094 1.58132e-007
0.585 -0.00293701 0.0709415 0.000347074 0.00251635 0.00338006 1.58317e-007
0.586 -0.00286595 0.0711071 0.000330435 0.00252811 0.00337917 1.58509e-007
0.587 -0.00279472 0.0712687 0.000314171 0.00253961 0.00337828 1.58708e-007
0.588 -0.00272334 0.0714261 0.000298285 0.00255085 0.00337738 1.58912e-007
0.589 -0.00265181 0.0715795 0.00028278 0.00256181 0.00337648 1.59122e-007
0.59 -0.00258012 0.0717288 0.00026766 0.00257251 0.00337557 1.59338e-007
0.591 -0.00250829 0.071874 0.000252927 0.00258293 0.00337466 1.59559e-007
0.592 -0.00243632 0.0720151 0.000238586 0.00259308 0.00337374 1.59786e-007
0.593 -0.00236421 0.072152 0.000224639 0.00260296 0.00337282 1.60017e-007
0.594 -0.00229196 0.0722849 0.000211089 0.00261255 0.0033719 1.60253e-007
0.595 -0.00221958 0.0724136 0.000197939 0.00262186 0.00337097 1.60494e-007
0.596 -0.00214708 0.0725382 0.000185192 0.00263089 0.00337005 1.60739e-007
0.597 -0.00207446 0.0726586 0.000172851 0.00263964 0.00336911 1.60989e-007
0.598 -0.00200172 0.072775 0.000160918 0.0026481 0.00336818 1.61242e-007
0.599 -0.00192886 0.0728871 0.000149396 0.00265627 0.00336724 1.61499e-007
0.6 -0.0018559 0.0729951 0.000138287 0.00266415 0.0033663 1.61759e-007
0.601 -0.00178283 0.073099 0.000127593 0.00267173 0.00336536 1.62023e-007
0.602 -0.00170966 0.0731987 0.000117318 0.00267903 0.00336442 1.62289e-007
0.603 -0.00163639 0.0732943 0.000107462 0.00268602 0.00336347 1.62558e-007
0.604 -0.00156303 0.0733856 9.8029e-005 0.00269273 0.00336252 1.6283e-007
0.605 -0.00148959 0.0734728 8.90196e-005 0.00269913 0.00336158 1.63104e-007
0.606 -0.00141605 0.0735559 8.04359e-005 0.00270523 0.00336063 1.6338e-007
0.607 -0.00134244 0.0736347 7.22799e-005 0.00271104 0.00335968 1.63657e-007
0.608 -0.00126876 0.0737094 6.45532e-005 0.00271654 0.00335873 1.63937e-007
0.609 -0.001195 0.0737799 5.72573e-005 0.00272174 0.00335778 1.64217e-007
0.61 -0.00112117 0.0738462 5.03937e-005 0.00272663 0.00335683 1.64498e-007
0.611 -0.00104728 0.0739084 4.39637e-005 0.00273122 0.00335588 1.64781e-007
0.612 -0.000973329 0.0739663 3.79686e-005 0.00273551 0.00335493 1.65063e-007
0.613 -0.000899325 0.07402 3.24097e-005 0.00273948 0.00335398 1.65346e-007
0.614 -0.00082527 0.0740696 2.72878e-005 0.00274315 0.00335303 1.65629e-007
0.615 -0.000751168 0.074115 2.26041e-005 0.00274651 0.00335208 1.65912e-007
0.616 -0.000677024 0.0741562 1.83593e-005 0.00274957 0.00335113 1.66195e-007
0.617 -0.000602842 0.0741931 1.45543e-005 0.00275231 0.00335019 1.66476e-007
0.618 -0.000528625 0.0742259 1.11896e-005 0.00275474 0.00334924 1.66757e-007
0.619 -0.000454379 0.0742545 8.26593e-006 0.00275687 0.0033483 1.67036e-007
0.62 -0.000380107 0.0742789 5.78366e-006 0.00275868 0.00334736 1.67315e-007
0.621 -0.000305814 0.0742992 3.74318e-006 0.00276018 0.00334642 1.67591e-007
0.622 -0.000231504 0.0743152 2.14475e-006 0.00276137 0.00334549 1.67866e-007
0.623 -0.00015718 0.074327 9.88538e-007 0.00276225 0.00334455 1.68138e-007
0.624 -8.28481e-005 0.0743347 2.74598e-007 0.00276282 0.00334362 1.68409e-007
0.625 -8.51111e-006 0.0743381 2.89761e-009 0.00276308 0.0033427 1.68676e-007
0.626 6.58263e-005 0.0743374 1.73301e-007 0.00276302 0.00334177 1.68941e-007
0.627 0.00014016 0.0743325 7.85574e-007 0.00276266 0.00334085 1.69203e-007
0.628 0.000214486 0.0743234 1.83938e-006 0.00276198 0.00333993 1.69462e-007
0.629 0.0002888 0.0743101 3.33429e-006 0.00276099 0.00333902 1.69717e-007
0.63 0.000363097 0.0742926 5.26976e-006 0.0027597 0.00333811 1.69968e-007
0.631 0.000437374 0.074271 7.64516e-006 0.00275809 0.00333721 1.70216e-007
0.632 0.000511627 0.0742452 1.04598e-005 0.00275617 0.0033363 1.7046e-007
0.633 0.000585851 0.0742152 1.37128e-005 0.00275395 0.00333541 1.707e-007
0.634 0.000660041 0.074181 1.74032e-005 0.00275141 0.00333451 1.70935e-007
0.635 0.000734195 0.0741427 2.15301e-005 0.00274857 0.00333363 1.71165e-007
0.636 0.000808308 0.0741003 2.60922e-005 0.00274542 0.00333274 1.71391e-007
0.637 0.000882375 0.0740536 3.10885e-005 0.00274197 0.00333187 1.71612e-007
0.638 0.000956392 0.0740029 3.65175e-005 0.00273821 0.003331 1.71828e-007
0.639 0.00103036 0.073948 4.23779e-005 0.00273415 0.00333013 1.72038e-007
0.64 0.00110426 0.0738889 4.86682e-005 0.00272979 0.00332927 1.72243e-007
0.641 0.00117811 0.0738257 5.53867e-005 0.00272512 0.00332841 1.72442e-007
0.642 0.00125188 0.0737584 6.25318e-005 0.00272015 0.00332757 1.72636e-007
0.643 0.00132559 0.0736869 7.01016e-005 0.00271488 0.00332672 1.72823e-007
0.644 0.00139922 0.0736114 7.80943e-005 0.00270932 0.00332589 1.73005e-007
0.645 0.00147278 0.0735317 8.6508e-005 0.00270346 0.00332506 1.7318e-007
0.646 0.00154625 0.0734479 9.53404e-005 0.0026973 0.00332423 1.73349e-007
0.647 0.00161964 0.07336 0.00010459 0.00269085 0.00332342 1.73512e-007
0.648 0.00169293 0.0732681 0.000114253 0.0026841 0.00332261 1.73668e-007
0.649 0.00176613 0.073172 0.000124329 0.00267707 0.00332181 1.73818e-007
0.65 0.00183923 0.0730718 0.000134814 0.00266975 0.00332101 1.7396e-007
0.651 0.00191223 0.0729676 0.000145707 0.00266214 0.00332023 1.74096e-007
0.652 0.00198512 0.0728593 0.000157004 0.00265424 0.00331945 1.74225e-007
0.653 0.0020579 0.072747 0.000168702 0.00264606 0.00331867 1.74347e-007
0.654 0.00213056 0.0726306 0.0001808 0.0026376 0.00331791 1.74462e-007
0.655 0.00220311 0.0725102 0.000193294 0.00262886 0.00331715 1.74569e-007
0.656 0.00227553 0.0723857 0.000206181 0.00261985 0.00331641 1.7467e-007
0.657 0.00234782 0.0722572 0.000219459 0.00261055 0.00331567 1.74763e-007
0.658 0.00241999 0.0721247 0.000233123 0.00260099 0.00331494 1.74848e-007
0.659 0.00249202 0.0719882 0.000247171 0.00259115 0.00331422 1.74927e-007
0.66 0.0025639 0.0718477 0.0002616 0.00258105 0.0033135 1.74997e-007
0.661 0.00263565 0.0717032 0.000276405 0.00257068 0.0033128 1.75061e-007
0.662 0.00270725 0.0715547 0.000291585 0.00256004 0.0033121 1.75116e-007
0.663 0.00277869 0.0714023 0.000307134 0.00254914 0.00331142 1.75165e-007
0.664 0.00284998 0.0712459 0.00032305 0.00253799 0.00331074 1.75205e-007
0.665 0.00292112 0.0710855 0.000339329 0.00252658 0.00331007 1.75238e-007
0.666 0.00299208 0.0709213 0.000355967 0.00251491 0.00330941 1.75264e-007
0.667 0.00306289 0.070753 0.00037296 0.002503 0.00330876 1.75282e-007
0.668 0.00313352 0.0705809 0.000390305 0.00249083 0.00330812 1.75293e-007
0.669 0.00320397 0.0704049 0.000407996 0.00247842 0.00330749 1.75296e-007
0.67 0.00327425 0.070225 0.000426031 0.00246577 0.00330687 1.75291e-007
0.671 0.00334434 0.0700411 0.000444405 0.00245288 0.00330626 1.75279e-007
0.672 0.00341425 0.0698535 0.000463113 0.00243975 0.00330567 1.7526e-007
0.673 0.00348397 0.0696619 0.000482152 0.00242639 0.00330508 1.75233e-007
0.674 0.00355349 0.0694665 0.000501517 0.0024128 0.0033045 1.75199e-007
0.675 0.00362282 0.0692673 0.000521204 0.00239898 0.00330393 1.75158e-007
0.676 0.00369194 0.0690643 0.000541208 0.00238494 0.00330337 1.75109e-007
0.677 0.00376086 0.0688574 0.000561525 0.00237067 0.00330282 1.75053e-007
0.678 0.00382957 0.0686468 0.00058215 0.00235619 0.00330229 1.74991e-007
0.679 0.00389806 0.0684324 0.000603078 0.00234149 0.00330176 1.74921e-007
0.68 0.00396634 0.0682142 0.000624304 0.00232659 0.00330125 1.74844e-007
0.681 0.00403439 0.0679922 0.000645825 0.00231147 0.00330074 1.74761e-007
0.682 0.00410223 0.0677665 0.000667634 0.00229615 0.00330025 1.74671e-007
0.683 0.00416983 0.0675371 0.000689727 0.00228063 0.00329977 1.74574e-007
0.684 0.0042372 0.0673039 0.000712099 0.00226491 0.00329929 1.74471e-007
0.685 0.00430434 0.0670671 0.000734745 0.002249 0.00329883 1.74361e-007
0.686 0.00437123 0.0668266 0.000757659 0.0022329 0.00329839 1.74245e-007
0.687 0.00443789 0.0665824 0.000780837 0.00221661 0.00329795 1.74123e-007
0.688 0.00450429 0.0663345 0.000804273 0.00220014 0.00329752 1.73995e-007
0.689 0.00457045 0.066083 0.000827963 0.00218348 0.00329711 1.73862e-007
0.69 0.00463635 0.0658279 0.0008519 0.00216666 0.0032967 1.73722e-007
0.691 0.00470199 0.0655692 0.000876079 0.00214966 0.00329631 1.73577e-007
0.692 0.00476738 0.0653069 0.000900495 0.00213249 0.00329593 1.73426e-007
0.693 0.00483249 0.065041 0.000925143 0.00211516 0.00329556 1.7327e-007
0.694 0.00489734 0.0647715 0.000950016 0.00209767 0.00329521 1.73109e-007
0.695 0.00496192 0.0644985 0.00097511 0.00208003 0.00329486 1.72943e-007
0.696 0.00502622 0.0642219 0.00100042 0.00206223 0.00329453 1.72772e-007
0.697 0.00509025 0.0639419 0.00102594 0.00204428 0.00329421 1.72596e-007
0.698 0.00515399 0.0636583 0.00105166 0.00202619 0.0032939 1.72416e-007
0.699 0.00521744 0.0633713 0.00107757 0.00200796 0.0032936 1.72231e-007
0.7 0.00528061 0.0630808 0.00110368 0.00198959 0.00329332 1.72043e-007
0.701 0.00534348 0.0627868 0.00112998 0.00197109 0.00329304 1.7185e-007
0.702 0.00540605 0.0624894 0.00115646 0.00195246 0.00329278 1.71654e-007
0.703 0.00546833 0.0621886 0.00118311 0.00193371 0.00329253 1.71454e-007
0.704 0.0055303 0.0618844 0.00120993 0.00191484 0.00329229 1.7125e-007
0.705 0.00559197 0.0615769 0.00123691 0.00189585 0.00329207 1.71044e-007
0.706 0.00565333 0.0612659 0.00126404 0.00187676 0.00329185 1.70834e-007
0.707 0.00571437 0.0609517 0.00129133 0.00185755 0.00329165 1.70622e-007
0.708 0.00577509 0.0606341 0.00131876 0.00183824 0.00329146 1.70407e-007
0.709 0.0058355 0.0603132 0.00134633 0.00181884 0.00329128 1.70189e-007
0.71 0.00589558 0.059989 0.00137404 0.00179934 0.00329112 1.69969e-007
0.711 0.00595534 0.0596615 0.00140186 0.00177975 0.00329096 1.69747e-007
0.712 0.00601477 0.0593308 0.00142981 0.00176007 0.00329082 1.69523e-007
0.713 0.00607386 0.0589969 0.00145787 0.00174032 0.00329069 1.69298e-007
0.714 0.00613262 0.0586598 0.00148604 0.00172048 0.00329057 1.69071e-007
0.715 0.00619104 0.0583195 0.00151431 0.00170058 0.00329047 1.68843e-007
0.716 0.00624911 0.057976 0.00154267 0.00168061 0.00329037 1.68614e-007
0.717 0.00630684 0.0576293 0.00157113 0.00166057 0.00329029 1.68384e-007
0.718 0.00636422 0.0572795 0.00159966 0.00164047 0.00329022 1.68153e-007
0.719 0.00642125 0.0569266 0.00162828 0.00162032 0.00329016 1.67922e-007
0.72 0.00647793 0.0565707 0.00165696 0.00160012 0.00329012 1.6769e-007
0.721 0.00653424 0.0562116 0.0016857 0.00157987 0.00329008 1.67459e-007
0.722 0.0065902 0.0558495 0.00171451 0.00155958 0.00329006 1.67228e-007
0.723 0.00664579 0.0554844 0.00174336 0.00153926 0.00329005 1.66997e-007
0.724 0.00670101 0.0551162 0.00177226 0.0015189 0.00329005 1.66766e-007
0.725 0.00675586 0.0547451 0.00180119 0.00149851 0.00329007 1.66537e-007
0.726 0.00681034 0.054371 0.00183016 0.0014781 0.00329009 1.66308e-007
0.727 0.00686445 0.053994 0.00185915 0.00145768 0.00329013 1.66081e-007
0.728 0.00691817 0.053614 0.00188817 0.00143723 0.00329018 1.65855e-007
0.729 0.00697151 0.0532312 0.00191719 0.00141678 0.00329024 1.6563e-007
0.73 0.00702447 0.0528454 0.00194622 0.00139632 0.00329031 1.65407e-007
0.731 0.00707704 0.0524568 0.00197526 0.00137586 0.00329039 1.65186e-007
0.732 0.00712922 0.0520654 0.00200428 0.0013554 0.00329049 1.64967e-007
0.733 0.007181 0.0516711 0.0020333 0.00133495 0.00329059 1.64751e-007
0.734 0.00723239 0.051274 0.00206229 0.00131451 0.00329071 1.64537e-007
0.735 0.00728338 0.0508742 0.00209126 0.00129409 0.00329084 1.64325e-007
0.736 0.00733397 0.0504717 0.0021202 0.00127369 0.00329098 1.64117e-007
0.737 0.00738416 0.0500664 0.0021491 0.00125332 0.00329113 1.63911e-007
0.738 0.00743393 0.0496584 0.00217795 0.00123298 0.00329129 1.63709e-007
0.739 0.0074833 0.0492477 0.00220676 0.00121267 0.00329146 1.6351e-007
0.74 0.00753225 0.0488343 0.00223551 0.0011924 0.00329165 1.63314e-007
0.741 0.00758079 0.0484184 0.00226419 0.00117217 0.00329184 1.63122e-007
0.742 0.00762891 0.0479998 0.00229281 0.00115199 0.00329205 1.62934e-007
0.743 0.00767662 0.0475786 0.00232135 0.00113186 0.00329227 1.6275e-007
0.744 0.00772389 0.0471549 0.00234981 0.00111179 0.00329249 1.6257e-007
0.745 0.00777075 0.0467286 0.00237818 0.00109178 0.00329273 1.62394e-007
0.746 0.00781717 0.0462998 0.00240646 0.00107184 0.00329298 1.62223e-007
0.747 0.00786316 0.0458685 0.00243463 0.00105196 0.00329324 1.62056e-007
0.748 0.00790872 0.0454347 0.00246271 0.00103216 0.00329351 1.61893e-007
0.749 0.00795385 0.0449985 0.00249066 0.00101243 0.00329379 1.61736e-007
0.75 0.00799854 0.0445599 0.00251851 0.000992793 0.00329408 1.61583e-007
0.751 0.00804278 0.0441189 0.00254622 0.000973238 0.00329438 1.61436e-007
0.752 0.00808659 0.0436755 0.00257381 0.000953774 0.00329469 1.61294e-007
0.753 0.00812995 0.0432297 0.00260126 0.000934405 0.00329501 1.61156e-007
0.754 0.00817286 0.0427817 0.00262857 0.000915135 0.00329533 1.61025e-007
0.755 0.00821532 0.0423313 0.00265573 0.000895969 0.00329567 1.60898e-007
0.756 0.00825733 0.0418786 0.00268273 0.00087691 0.00329602 1.60778e-007
0.757 0.00829889 0.0414237 0.00270958 0.000857964 0.00329638 1.60663e-007
0.758 0.00833999 0.0409666 0.00273626 0.000839132 0.00329675 1.60553e-007
0.759 0.00838063 0.0405073 0.00276277 0.000820421 0.00329713 1.6045e-007
0.76 0.00842081 0.0400458 0.0027891 0.000801834 0.00329751 1.60352e-007
0.761 0.00846052 0.0395822 0.00281525 0.000783374 0.00329791 1.6026e-007
0.762 0.00849978 0.0391164 0.00284121 0.000765046 0.00329831 1.60174e-007
0.763 0.00853856 0.0386485 0.00286697 0.000746854 0.00329872 1.60095e-007
0.764 0.00857688 0.0381786 0.00289254 0.000728802 0.00329915 1.60021e-007
0.765 0.00861472 0.0377066 0.0029179 0.000710894 0.00329958 1.59954e-007
0.766 0.00865209 0.0372326 0.00294305 0.000693133 0.00330001 1.59892e-007
0.767 0.00868898 0.0367566 0.00296799 0.000675523 0.00330046 1.59838e-007
0.768 0.0087254 0.0362786 0.0029927 0.000658069 0.00330092 1.59789e-007
0.769 0.00876134 0.0357987 0.00301719 0.000640773 0.00330138 1.59746e-007
0.77 0.0087968 0.0353169 0.00304144 0.00062364 0.00330185 1.5971e-007
0.771 0.00883177 0.0348331 0.00306546 0.000606673 0.00330233 1.59681e-007
0.772 0.00886626 0.0343475 0.00308924 0.000589876 0.00330282 1.59657e-007
0.773 0.00890026 0.0338601 0.00311276 0.000573253 0.00330332 1.5964e-007
0.774 0.00893377 0.0333709 0.00313604 0.000556807 0.00330382 1.59629e-007
0.775 0.0089668 0.0328798 0.00315906 0.000540541 0.00330433 1.59625e-007
0.776 0.00899933 0.032387 0.00318182 0.00052446 0.00330485 1.59627e-007
0.777 0.00903136 0.0318925 0.00320431 0.000508566 0.00330537 1.59635e-007
0.778 0.0090629 0.0313963 0.00322652 0.000492863 0.0033059 1.5965e-007
0.779 0.00909395 0.0308984 0.00324846 0.000477355 0.00330644 1.59671e-007
0.78 0.00912449 0.0303988 0.00327012 0.000462044 0.00330698 1.59698e-007
0.781 0.00915453 0.0298976 0.00329149 0.000446934 0.00330754 1.59731e-007
0.782 0.00918408 0.0293948 0.00331258 0.000432028 0.00330809 1.5977e-007
0.783 0.00921311 0.0288905 0.00333336 0.00041733 0.00330866 1.59816e-007
0.784 0.00924164 0.0283846 0.00335385 0.000402843 0.00330923 1.59867e-007
0.785 0.00926967 0.0278772 0.00337403 0.000388569 0.00330981 1.59925e-007
0.786 0.00929719 0.0273683 0.00339391 0.000374511 0.00331039 1.59988e-007
0.787 0.00932419 0.0268579 0.00341347 0.000360674 0.00331098 1.60057e-007
0.788 0.00935069 0.0263461 0.00343271 0.000347059 0.00331157 1.60132e-007
0.789 0.00937667 0.0258329 0.00345164 0.00033367 0.00331217 1.60213e-007
0.79 0.00940214 0.0253183 0.00347024 0.000320509 0.00331278 1.60299e-007
0.791 0.00942709 0.0248024 0.00348851 0.000307579 0.00331339 1.60391e-007
0.792 0.00945152 0.0242851 0.00350645 0.000294884 0.003314 1.60488e-007
0.793 0.00947544 0.0237666 0.00352405 0.000282425 0.00331462 1.60591e-007
0.794 0.00949884 0.0232468 0.00354131 0.000270206 0.00331525 1.60698e-007
0.795 0.00952172 0.0227257 0.00355822 0.000258229 0.00331588 1.60811e-007
0.796 0.00954407 0.0222034 0.00357479 0.000246496 0.00331651 1.60929e-007
0.797 0.0095659 0.02168 0.00359101 0.00023501 0.00331715 1.61052e-007
0.798 0.00958721 0.0211553 0.00360687 0.000223774 0.00331779 1.6118e-007
0.799 0.00960799 0.0206296 0.00362238 0.00021279 0.00331844 1.61312e-007
0.8 0.00962825 0.0201028 0.00363752 0.000202061 0.00331909 1.61449e-007
0.801 0.00964798 0.0195748 0.0036523 0.000191587 0.00331974 1.6159e-007
0.802 0.00966718 0.0190459 0.00366671 0.000181373 0.0033204 1.61736e-007
0.803 0.00968585 0.0185159 0.00368075 0.00017142 0.00332106 1.61885e-007
0.804 0.00970399 0.017985 0.00369441 0.000161729 0.00332173 1.62039e-007
0.805 0.0097216 0.017453 0.0037077 0.000152304 0.0033224 1.62197e-007
0.806 0.00973867 0.0169202 0.00372061 0.000143147 0.00332307 1.62358e-007
0.807 0.00975521 0.0163865 0.00373314 0.000134258 0.00332374 1.62523e-007
0.808 0.00977122 0.0158518 0.00374528 0.00012564 0.00332442 1.62691e-007
0.809 0.00978669 0.0153164 0.00375703 0.000117296 0.0033251 1.62863e-007
0.81 0.00980163 0.0147801 0.0037684 0.000109225 0.00332578 1.63037e-007
0.811 0.00981603 0.014243 0.00377937 0.000101432 0.00332646 1.63215e-007
0.812 0.00982989 0.0137052 0.00378995 9.39162e-005 0.00332715 1.63395e-007
0.813 0.00984321 0.0131666 0.00380013 8.66802e-005 0.00332783 1.63578e-007
0.814 0.009856 0.0126274 0.00380991 7.97254e-005 0.00332852 1.63764e-007
0.815 0.00986824 0.0120875 0.00381928 7.30533e-005 0.00332921 1.63952e-007
0.816 0.00987994 0.0115469 0.00382826 6.66652e-005 0.00332991 1.64142e-007
0.817 0.00989111 0.0110057 0.00383683 6.05627e-005 0.0033306 1.64334e-007
0.818 0.00990173 0.0104639 0.00384499 5.47468e-005 0.00333129 1.64528e-007
0.819 0.00991181 0.00992159 0.00385275 4.9219e-005 0.00333199 1.64724e-007
0.82 0.00992134 0.00937874 0.00386009 4.39804e-005 0.00333269 1.64921e-007
0.821 0.00993034 0.00883538 0.00386702 3.9032e-005 0.00333339 1.65119e-007
0.822 0.00993879 0.00829156 0.00387354 3.43749e-005 0.00333408 1.65318e-007
0.823 0.00994669 0.00774729 0.00387965 3.00102e-005 0.00333478 1.65519e-007
0.824 0.00995405 0.00720261 0.00388533 2.59388e-005 0.00333548 1.6572e-007
0.825 0.00996087 0.00665755 0.0038906 2.21615e-005 0.00333618 1.65922e-007
0.826 0.00996714 0.00611213 0.00389546 1.86791e-005 0.00333688 1.66124e-007
0.827 0.00997287 0.00556639 0.00389989 1.54923e-005 0.00333758 1.66327e-007
0.828 0.00997805 0.00502035 0.0039039 1.2602e-005 0.00333828 1.66529e-007
0.829 0.00998268 0.00447405 0.00390749 1.00085e-005 0.00333897 1.66732e-007
0.83 0.00998676 0.0039275 0.00391066 7.71264e-006 0.00333967 1.66934e-007
0.831 0.0099903 0.00338075 0.0039134 5.71474e-006 0.00334037 1.67136e-007
0.832 0.0099933 0.00283382 0.00391572 4.01527e-006 0.00334106 1.67338e-007
0.833 0.00999574 0.00228674 0.00391762 2.61458e-006 0.00334176 1.67538e-007
0.834 0.00999764 0.00173953 0.00391909 1.51299e-006 0.00334245 1.67738e-007
0.835 0.00999899 0.00119224 0.00392014 7.10715e-007 0.00334314 1.67937e-007
0.836 0.0099998 0.000644878 0.00392077 2.07934e-007 0.00334383 1.68134e-007
0.837 0.0100001 9.74838e-005 0.00392097 4.75154e-009 0.00334452 1.6833e-007
0.838 0.00999976 -0.000449915 0.00392074 1.01212e-007 0.00334521 1.68524e-007
0.839 0.00999893 -0.00099729 0.00392009 4.97294e-007 0.00334589 1.68717e-007
0.84 0.00999754 -0.00154461 0.00391902 1.19291e-006 0.00334658 1.68907e-007
0.841 0.00999561 -0.00209185 0.00391752 2.18792e-006 0.00334726 1.69096e-007
0.842 0.00999313 -0.00263898 0.00391559 3.48211e-006 0.00334793 1.69282e-007
0.843 0.0099901 -0.00318597 0.00391324 5.0752e-006 0.00334861 1.69466e-007
0.844 0.00998653 -0.00373279 0.00391047 6.96685e-006 0.00334928 1.69648e-007
0.845 0.00998241 -0.00427941 0.00390728 9.15666e-006 0.00334995 1.69826e-007
0.846 0.00997774 -0.0048258 0.00390366 1.16442e-005 0.00335062 1.70002e-007
0.847 0.00997253 -0.00537194 0.00389962 1.44288e-005 0.00335129 1.70175e-007
0.848 0.00996677 -0.00591779 0.00389517 1.75101e-005 0.00335195 1.70345e-007
0.849 0.00996046 -0.00646332 0.00389029 2.08873e-005 0.00335261 1.70512e-007
0.85 0.00995361 -0.00700851 0.00388499 2.45596e-005 0.00335326 1.70675e-007
0.851 0.00994622 -0.00755333 0.00387928 2.85264e-005 0.00335391 1.70835e-007
0.852 0.00993828 -0.00809775 0.00387315 3.27867e-005 0.00335456 1.70991e-007
0.853 0.00992979 -0.00864173 0.00386661 3.73398e-005 0.0033552 1.71144e-007
0.854 0.00992077 -0.00918526 0.00385965 4.21845e-005 0.00335584 1.71292e-007
0.855 0.0099112 -0.00972829 0.00385228 4.73198e-005 0.00335648 1.71437e-007
0.856 0.00990108 -0.0102708 0.0038445 5.27448e-005 0.00335711 1.71577e-007
0.857 0.00989043 -0.0108128 0.00383631 5.84582e-005 0.00335773 1.71713e-007
0.858 0.00987923 -0.0113542 0.00382771 6.44587e-005 0.00335836 1.71845e-007
0.859 0.00986749 -0.011895 0.00381871 7.07452e-005 0.00335897 1.71972e-007
0.86 0.00985522 -0.0124351 0.00380931 7.73163e-005 0.00335959 1.72095e-007
0.861 0.0098424 -0.0129746 0.0037995 8.41705e-005 0.00336019 1.72213e-007
0.862 0.00982904 -0.0135134 0.0037893 9.13065e-005 0.0033608 1.72327e-007
0.863 0.00981515 -0.0140515 0.0037787 9.87227e-005 0.00336139 1.72436e-007
0.864 0.00980071 -0.0145889 0.0037677 0.000106417 0.00336199 1.7254e-007
0.865 0.00978575 -0.0151254 0.00375631 0.000114389 0.00336258 1.72639e-007
0.866 0.00977024 -0.0156612 0.00374454 0.000122636 0.00336316 1.72732e-007
0.867 0.0097542 -0.0161961 0.00373237 0.000131157 0.00336373 1.72821e-007
0.868 0.00973762 -0.0167302 0.00371982 0.000139949 0.0033643 1.72905e-007
0.869 0.00972052 -0.0172633 0.00370689 0.000149011 0.00336487 1.72983e-007
0.87 0.00970288 -0.0177956 0.00369357 0.000158341 0.00336543 1.73056e-007
0.871 0.0096847 -0.0183269 0.00367988 0.000167937 0.00336598 1.73124e-007
0.872 0.009666 -0.0188572 0.00366582 0.000177797 0.00336653 1.73187e-007
0.873 0.00964677 -0.0193865 0.00365139 0.000187919 0.00336707 1.73244e-007
0.874 0.00962701 -0.0199148 0.00363659 0.0001983 0.0033676 1.73295e-007
0.875 0.00960672 -0.020442 0.00362142 0.000208938 0.00336813 1.73341e-007
0.876 0.0095859 -0.0209682 0.0036059 0.000219832 0.00336865 1.73382e-007
0.877 0.00956456 -0.0214932 0.00359001 0.000230979 0.00336917 1.73417e-007
0.878 0.0095427 -0.0220171 0.00357377 0.000242375 0.00336968 1.73446e-007
0.879 0.00952031 -0.0225398 0.00355718 0.00025402 0.00337018 1.7347e-007
0.88 0.0094974 -0.0230613 0.00354024 0.000265911 0.00337067 1.73489e-007
0.881 0.00947397 -0.0235815 0.00352296 0.000278044 0.00337116 1.73501e-007
0.882 0.00945002 -0.0241005 0.00350534 0.000290418 0.00337164 1.73509e-007
0.883 0.00942555 -0.0246182 0.00348738 0.000303029 0.00337212 1.7351e-007
0.884 0.00940057 -0.0251346 0.00346909 0.000315875 0.00337258 1.73506e-007
0.885 0.00937507 -0.0256497 0.00345047 0.000328954 0.00337304 1.73497e-007
0.886 0.00934905 -0.0261634 0.00343153 0.000342262 0.00337349 1.73482e-007
0.887 0.00932253 -0.0266757 0.00341226 0.000355797 0.00337394 1.73461e-007
0.888 0.00929549 -0.0271866 0.00339268 0.000369555 0.00337438 1.73436e-007
0.889 0.00926794 -0.027696 0.00337279 0.000383534 0.00337481 1.73404e-007
0.89 0.00923989 -0.028204 0.00335259 0.000397731 0.00337523 1.73368e-007
0.891 0.00921132 -0.0287104 0.00333208 0.000412143 0.00337564 1.73325e-007
0.892 0.00918225 -0.0292153 0.00331127 0.000426767 0.00337605 1.73278e-007
0.893 0.00915268 -0.0297186 0.00329017 0.000441599 0.00337644 1.73226e-007
0.894 0.00912261 -0.0302204 0.00326878 0.000456636 0.00337683 1.73168e-007
0.895 0.00909203 -0.0307205 0.00324711 0.000471875 0.00337722 1.73105e-007
0.896 0.00906096 -0.031219 0.00322515 0.000487314 0.00337759 1.73037e-007
0.897 0.00902939 -0.0317159 0.00320292 0.000502948 0.00337795 1.72964e-007
0.898 0.00899732 -0.032211 0.00318041 0.000518774 0.00337831 1.72886e-007
0.899 0.00896476 -0.0327044 0.00315764 0.000534789 0.00337866 1.72803e-007
0.9 0.00893171 -0.033196 0.0031346 0.000550989 0.003379 1.72716e-007
0.901 0.00889816 -0.0336859 0.00311131 0.000567371 0.00337933 1.72624e-007
0.902 0.00886413 -0.034174 0.00308777 0.000583931 0.00337966 1.72527e-007
0.903 0.00882961 -0.0346603 0.00306397 0.000600667 0.00337997 1.72426e-007
0.904 0.00879461 -0.0351446 0.00303994 0.000617573 0.00338028 1.7232e-007
0.905 0.00875912 -0.0356272 0.00301567 0.000634647 0.00338058 1.7221e-007
0.906 0.00872315 -0.0361078 0.00299117 0.000651885 0.00338087 1.72096e-007
0.907 0.00868671 -0.0365864 0.00296644 0.000669283 0.00338115 1.71978e-007
0.908 0.00864978 -0.0370631 0.00294149 0.000686838 0.00338142 1.71856e-007
0.909 0.00861238 -0.0375379 0.00291633 0.000704545 0.00338168 1.7173e-007
0.91 0.00857451 -0.0380106 0.00289096 0.000722401 0.00338194 1.716e-007
0.911 0.00853616 -0.0384812 0.00286538 0.000740403 0.00338218 1.71467e-007
0.912 0.00849735 -0.0389498 0.0028396 0.000758545 0.00338242 1.7133e-007
0.913 0.00845807 -0.0394164 0.00281363 0.000776824 0.00338265 1.7119e-007
0.914 0.00841832 -0.0398808 0.00278747 0.000795237 0.00338287 1.71046e-007
0.915 0.00837812 -0.040343 0.00276112 0.000813779 0.00338308 1.709e-007
0.916 0.00833745 -0.0408031 0.0027346 0.000832447 0.00338328 1.7075e-007
0.917 0.00829632 -0.041261 0.00270791 0.000851236 0.00338347 1.70598e-007
0.918 0.00825473 -0.0417167 0.00268106 0.000870142 0.00338365 1.70443e-007
0.919 0.0082127 -0.0421701 0.00265404 0.000889161 0.00338382 1.70285e-007
0.92 0.00817021 -0.0426213 0.00262687 0.000908289 0.00338399 1.70125e-007
0.921 0.00812727 -0.0430702 0.00259956 0.000927522 0.00338414 1.69963e-007
0.922 0.00808388 -0.0435168 0.0025721 0.000946856 0.00338429 1.69798e-007
0.923 0.00804005 -0.043961 0.0025445 0.000966286 0.00338443 1.69632e-007
0.924 0.00799577 -0.0444029 0.00251678 0.000985809 0.00338455 1.69463e-007
0.925 0.00795106 -0.0448424 0.00248893 0.00100542 0.00338467 1.69293e-007
0.926 0.00790591 -0.0452794 0.00246096 0.00102511 0.00338478 1.69122e-007
0.927 0.00786032 -0.0457141 0.00243289 0.00104489 0.00338488 1.68949e-007
0.928 0.0078143 -0.0461462 0.0024047 0.00106474 0.00338497 1.68775e-007
0.929 0.00776785 -0.0465759 0.00237642 0.00108466 0.00338505 1.686e-007
0.93 0.00772097 -0.0470031 0.00234804 0.00110465 0.00338513 1.68423e-007
0.931 0.00767366 -0.0474277 0.00231958 0.0011247 0.00338519 1.68246e-007
0.932 0.00762594 -0.0478498 0.00229103 0.0011448 0.00338525 1.68069e-007
0.933 0.00757779 -0.0482693 0.00226241 0.00116496 0.00338529 1.67891e-007
0.934 0.00752922 -0.0486862 0.00223372 0.00118518 0.00338533 1.67712e-007
0.935 0.00748024 -0.0491005 0.00220497 0.00120543 0.00338535 1.67534e-007
0.936 0.00743085 -0.0495121 0.00217616 0.00122573 0.00338537 1.67355e-007
0.937 0.00738105 -0.0499211 0.0021473 0.00124606 0.00338538 1.67177e-007
0.938 0.00733084 -0.0503274 0.0021184 0.00126642 0.00338538 1.66999e-007
0.939 0.00728023 -0.0507309 0.00208946 0.00128681 0.00338537 1.66821e-007
0.94 0.00722921 -0.0511317 0.00206049 0.00130723 0.00338535 1.66644e-007
0.941 0.0071778 -0.0515297 0.00203149 0.00132766 0.00338532 1.66468e-007
0.942 0.00712599 -0.051925 0.00200248 0.0013481 0.00338529 1.66293e-007
0.943 0.00707378 -0.0523174 0.00197345 0.00136856 0.00338524 1.66119e-007
0.944 0.00702119 -0.0527071 0.00194442 0.00138902 0.00338518 1.65946e-007
0.945 0.00696821 -0.0530938 0.00191539 0.00140948 0.00338512 1.65774e-007
0.946 0.00691484 -0.0534777 0.00188636 0.00142993 0.00338505 1.65604e-007
0.947 0.00686109 -0.0538587 0.00185735 0.00145038 0.00338497 1.65436e-007
0.948 0.00680697 -0.0542368 0.00182836 0.00147081 0.00338488 1.65269e-007
0.949 0.00675247 -0.0546119 0.00179939 0.00149123 0.00338478 1.65105e-007
0.95 0.00669759 -0.0549841 0.00177046 0.00151163 0.00338467 1.64942e-007
0.951 0.00664234 -0.0553533 0.00174156 0.00153199 0.00338455 1.64782e-007
0.952 0.00658673 -0.0557195 0.00171271 0.00155233 0.00338443 1.64624e-007
0.953 0.00653075 -0.0560827 0.00168391 0.00157263 0.00338429 1.64468e-007
0.954 0.00647441 -0.0564428 0.00165517 0.0015929 0.00338415 1.64316e-007
0.955 0.00641772 -0.0567999 0.0016265 0.00161311 0.003384 1.64165e-007
0.956 0.00636067 -0.0571539 0.00159789 0.00163328 0.00338384 1.64018e-007
0.957 0.00630326 -0.0575048 0.00156936 0.0016534 0.00338367 1.63874e-007
0.958 0.00624551 -0.0578526 0.00154091 0.00167346 0.00338349 1.63733e-007
0.959 0.00618742 -0.0581972 0.00151255 0.00169346 0.00338331 1.63595e-007
0.96 0.00612898 -0.0585386 0.00148429 0.00171339 0.00338312 1.63461e-007
0.961 0.0060702 -0.0588769 0.00145612 0.00173324 0.00338292 1.6333e-007
0.962 0.00601108 -0.059212 0.00142807 0.00175303 0.00338271 1.63202e-007
0.963 0.00595164 -0.0595438 0.00140013 0.00177273 0.00338249 1.63079e-007
0.964 0.00589186 -0.0598724 0.00137231 0.00179235 0.00338226 1.62959e-007
0.965 0.00583176 -0.0601978 0.00134462 0.00181189 0.00338203 1.62843e-007
0.966 0.00577133 -0.0605198 0.00131705 0.00183133 0.00338179 1.62731e-007
0.967 0.00571058 -0.0608386 0.00128963 0.00185067 0.00338154 1.62623e-007
0.968 0.00564952 -0.0611541 0.00126235 0.00186991 0.00338128 1.62519e-007
0.969 0.00558815 -0.0614662 0.00123523 0.00188905 0.00338102 1.62419e-007
0.97 0.00552646 -0.0617749 0.00120825 0.00190807 0.00338074 1.62324e-007
0.971 0.00546447 -0.0620803 0.00118145 0.00192698 0.00338046 1.62233e-007
0.972 0.00540218 -0.0623824 0.00115481 0.00194578 0.00338017 1.62147e-007
0.973 0.00533958 -0.062681 0.00112834 0.00196445 0.00337988 1.62065e-007
0.974 0.00527669 -0.0629761 0.00110206 0.001983 0.00337958 1.61988e-007
0.975 0.00521351 -0.0632679 0.00107596 0.00200141 0.00337927 1.61915e-007
0.976 0.00515004 -0.0635561 0.00105005 0.00201969 0.00337895 1.61847e-007
0.977 0.00508628 -0.0638409 0.00102434 0.00203783 0.00337863 1.61784e-007
0.978 0.00502224 -0.0641223 0.00099884 0.00205583 0.0033783 1.61726e-007
0.979 0.00495792 -0.0644001 0.000973544 0.00207368 0.00337796 1.61672e-007
0.98 0.00489332 -0.0646743 0.000948464 0.00209138 0.00337761 1.61624e-007
0.981 0.00482846 -0.0649451 0.000923604 0.00210893 0.00337726 1.6158e-007
0.982 0.00476332 -0.0652122 0.000898971 0.00212632 0.0033769 1.61542e-007
0.983 0.00469792 -0.0654759 0.000874569 0.00214354 0.00337654 1.61508e-007
0.984 0.00463226 -0.0657359 0.000850405 0.0021606 0.00337617 1.61479e-007
0.985 0.00456634 -0.0659923 0.000826483 0.00217749 0.00337579 1.61456e-007
0.986 0.00450017 -0.0662451 0.000802809 0.0021942 0.00337541 1.61437e-007
0.987 0.00443375 -0.0664942 0.000779389 0.00221074 0.00337502 1.61424e-007
0.988 0.00436708 -0.0667397 0.000756227 0.00222709 0.00337462 1.61416e-007
0.989 0.00430017 -0.0669815 0.000733329 0.00224326 0.00337422 1.61412e-007
0.99 0.00423302 -0.0672197 0.000710701 0.00225924 0.00337381 1.61414e-007
0.991 0.00416563 -0.0674542 0.000688346 0.00227503 0.0033734 1.61421e-007
0.992 0.00409802 -0.0676849 0.00066627 0.00229062 0.00337298 1.61432e-007
0.993 0.00403017 -0.0679119 0.000644479 0.00230602 0.00337255 1.61449e-007
0.994 0.0039621 -0.0681352 0.000622977 0.0023212 0.00337212 1.61471e-007
0.995 0.00389381 -0.0683548 0.000601769 0.00233619 0.00337169 1.61498e-007
0.996 0.0038253 -0.0685705 0.000580859 0.00235096 0.00337125 1.6153e-007
0.997 0.00375658 -0.0687825 0.000560254 0.00236552 0.0033708 1.61566e-007
0.998 0.00368765 -0.0689907 0.000539956 0.00237986 0.00337035 1.61608e-007
0.999 0.00361852 -0.0691951 0.000519972 0.00239398 0.00336989 1.61654e-007
