0 0.00342302
0.01 0.003425
0.02 0.00342729
0.03 0.00342991
0.04 0.00343284
0.05 0.00343611
0.06 0.00343969
0.07 0.0034436
0.08 0.00344784
0.09 0.0034524
0.1 0.00345728
0.11 0.00346249
0.12 0.00346803
0.13 0.00347389
0.14 0.00348008
0.15 0.0034866
0.16 0.00349345
0.17 0.00350062
0.18 0.00350813
0.19 0.00351596
0.2 0.00352413
0.21 0.00353262
0.22 0.00354145
0.23 0.00355062
0.24 0.00356011
0.25 0.00356994
0.26 0.00358011
0.27 0.00359062
0.28 0.00360146
0.29 0.00361264
0.3 0.00362416
0.31 0.00363602
0.32 0.00364822
0.33 0.00366077
0.34 0.00367366
0.35 0.0036869
0.36 0.00370048
0.37 0.00371441
0.38 0.00372869
0.39 0.00374332
0.4 0.00375831
0.41 0.00377365
0.42 0.00378934
0.43 0.00380539
0.44 0.0038218
0.45 0.00383856
0.46 0.00385569
0.47 0.00387318
0.48 0.00389104
0.49 0.00390926
0.5 0.00392785
0.51 0.00394682
0.52 0.00396615
0.53 0.00398586
0.54 0.00400594
0.55 0.00402641
0.56 0.00404725
0.57 0.00406847
0.58 0.00409008
0.59 0.00411208
0.6 0.00413447
0.61 0.00415724
0.62 0.00418041
0.63 0.00420398
0.64 0.00422794
0.65 0.00425231
0.66 0.00427708
0.67 0.00430226
0.68 0.00432784
0.69 0.00435384
0.7 0.00438025
0.71 0.00440708
0.72 0.00443433
0.73 0.004462
0.74 0.0044901
0.75 0.00451863
0.76 0.00454759
0.77 0.00457699
0.78 0.00460682
0.79 0.0046371
0.8 0.00466783
0.81 0.004699
0.82 0.00473063
0.83 0.00476271
0.84 0.00479526
0.85 0.00482827
0.86 0.00486175
0.87 0.0048957
0.88 0.00493012
0.89 0.00496503
0.9 0.00500042
0.91 0.0050363
0.92 0.00507267
0.93 0.00510954
0.94 0.00514692
0.95 0.0051848
0.96 0.00522319
0.97 0.0052621
0.98 0.00530153
0.99 0.00534148
1 0.00538197
1.01 0.005423
1.02 0.00546456
1.03 0.00550668
1.04 0.00554935
1.05 0.00559258
1.06 0.00563637
1.07 0.00568073
1.08 0.00572568
1.09 0.0057712
1.1 0.00581731
1.11 0.00586402
1.12 0.00591134
1.13 0.00595926
1.14 0.0060078
1.15 0.00605696
1.16 0.00610675
1.17 0.00615718
1.18 0.00620825
1.19 0.00625998
1.2 0.00631237
1.21 0.00636542
1.22 0.00641916
1.23 0.00647358
1.24 0.00652869
1.25 0.00658451
1.26 0.00664103
1.27 0.00669828
1.28 0.00675626
1.29 0.00681497
1.3 0.00687444
1.31 0.00693466
1.32 0.00699566
1.33 0.00705743
1.34 0.00712
1.35 0.00718336
1.36 0.00724754
1.37 0.00731254
1.38 0.00737838
1.39 0.00744506
1.4 0.00751261
1.41 0.00758102
1.42 0.00765033
1.43 0.00772053
1.44 0.00779164
1.45 0.00786368
1.46 0.00793666
1.47 0.00801059
1.48 0.00808549
1.49 0.00816138
1.5 0.00823827
1.51 0.00831618
1.52 0.00839511
1.53 0.0084751
1.54 0.00855616
1.55 0.0086383
1.56 0.00872154
1.57 0.00880591
1.58 0.00889141
1.59 0.00897808
1.6 0.00906593
1.61 0.00915498
1.62 0.00924526
1.63 0.00933678
1.64 0.00942957
1.65 0.00952366
1.66 0.00961906
1.67 0.0097158
1.68 0.0098139
1.69 0.0099134
1.7 0.0100143
1.71 0.0101167
1.72 0.0102205
1.73 0.0103259
1.74 0.0104328
1.75 0.0105412
1.76 0.0106513
1.77 0.0107629
1.78 0.0108763
1.79 0.0109913
1.8 0.0111081
1.81 0.0112267
1.82 0.0113471
1.83 0.0114693
1.84 0.0115934
1.85 0.0117195
1.86 0.0118475
1.87 0.0119776
1.88 0.0121098
1.89 0.0122441
1.9 0.0123806
1.91 0.0125193
1.92 0.0126602
1.93 0.0128036
1.94 0.0129493
1.95 0.0130975
1.96 0.0132482
1.97 0.0134016
1.98 0.0135575
1.99 0.0137162
2 0.0138778
2.01 0.0140422
2.02 0.0142095
2.03 0.0143799
2.04 0.0145535
2.05 0.0147303
2.06 0.0149103
2.07 0.0150938
2.08 0.0152809
2.09 0.0154715
2.1 0.0156659
2.11 0.0158641
2.12 0.0160664
2.13 0.0162727
2.14 0.0164833
2.15 0.0166982
2.16 0.0169177
2.17 0.0171418
2.18 0.0173708
2.19 0.0176049
2.2 0.0178441
2.21 0.0180887
2.22 0.0183389
2.23 0.0185949
2.24 0.0188568
2.25 0.0191251
2.26 0.0193998
2.27 0.0196813
2.28 0.0199698
2.29 0.0202656
2.3 0.0205691
2.31 0.0208805
2.32 0.0212002
2.33 0.0215285
2.34 0.021866
2.35 0.0222129
2.36 0.0225697
2.37 0.022937
2.38 0.0233151
2.39 0.0237047
2.4 0.0241063
2.41 0.0245205
2.42 0.0249481
2.43 0.0253897
2.44 0.025846
2.45 0.026318
2.46 0.0268065
2.47 0.0273125
2.48 0.027837
2.49 0.0283811
2.5 0.028946
2.51 0.0295331
2.52 0.0301438
2.53 0.0307795
2.54 0.031442
2.55 0.0321332
2.56 0.0328549
2.57 0.0336093
2.58 0.0343988
2.59 0.0352258
2.6 0.0360932
2.61 0.0370038
2.62 0.0379609
2.63 0.0389679
2.64 0.0400284
2.65 0.0411462
2.66 0.0423253
2.67 0.0435697
2.68 0.0448834
2.69 0.0462699
2.7 0.0477321
2.71 0.0492719
2.72 0.0508891
2.73 0.0525804
2.74 0.0543383
2.75 0.056148
2.76 0.0579854
2.77 0.0598127
2.78 0.0615739
2.79 0.0631907
2.8 0.0645599
2.81 0.0655564
2.82 0.0660486
2.83 0.0659317
2.84 0.0651814
2.85 0.06391
2.86 0.0623866
2.87 0.06098
2.88 0.0600366
2.89 0.0597805
2.9 0.0603001
2.91 0.0615808
2.92 0.063518
2.93 0.0659457
2.94 0.0687248
2.95 0.0718139
2.96 0.075207
2.97 0.078789
2.98 0.0822699
2.99 0.0852671
3 0.0874533
3.01 0.0886639
3.02 0.0889426
3.03 0.0885489
3.04 0.0879298
3.05 0.0876148
3.06 0.0880176
3.07 0.089232
3.08 0.0909662
3.09 0.0926692
3.1 0.093745
3.11 0.093727
3.12 0.0923829
3.13 0.089799
3.14 0.0864578
3.15 0.0832203
3.16 0.0810974
3.17 0.0808522
3.18 0.0826898
3.19 0.0862447
3.2 0.0908101
3.21 0.0956278
3.22 0.100107
3.23 0.103922
3.24 0.106988
3.25 0.109374
3.26 0.111215
3.27 0.112641
3.28 0.113747
3.29 0.114574
3.3 0.115114
3.31 0.115322
3.32 0.115138
3.33 0.114526
3.34 0.113532
3.35 0.112321
3.36 0.111191
3.37 0.110512
3.38 0.110633
3.39 0.111802
3.4 0.114133
3.41 0.117556
3.42 0.121766
3.43 0.12624
3.44 0.130375
3.45 0.133684
3.46 0.135948
3.47 0.137266
3.48 0.137978
3.49 0.138467
3.5 0.138906
3.51 0.139119
3.52 0.138727
3.53 0.13752
3.54 0.135792
3.55 0.134394
3.56 0.134402
3.57 0.136575
3.58 0.140928
3.59 0.146697
3.6 0.152688
3.61 0.157786
3.62 0.161361
3.63 0.163446
3.64 0.164616
3.65 0.16559
3.66 0.166771
3.67 0.168091
3.68 0.169272
3.69 0.170208
3.7 0.171061
3.71 0.172028
3.72 0.173038
3.73 0.173673
3.74 0.173395
3.75 0.171879
3.76 0.16924
3.77 0.165999
3.78 0.162838
3.79 0.160317
3.8 0.158741
3.81 0.158196
3.82 0.15869
3.83 0.160244
3.84 0.162849
3.85 0.166323
3.86 0.170253
3.87 0.174121
3.88 0.177513
3.89 0.180236
3.9 0.182273
3.91 0.183671
3.92 0.184481
3.93 0.184777
3.94 0.184684
3.95 0.18436
3.96 0.183953
3.97 0.183609
3.98 0.183527
3.99 0.183986
4 0.185248
4.01 0.187389
4.02 0.190203
4.03 0.193276
4.04 0.196172
4.05 0.198573
4.06 0.200327
4.07 0.20141
4.08 0.201843
4.09 0.2016
4.1 0.200512
4.11 0.198229
4.12 0.194347
4.13 0.188745
4.14 0.182086
4.15 0.176105
4.16 0.173152
4.17 0.174862
4.18 0.180921
4.19 0.189215
4.2 0.197248
4.21 0.203475
4.22 0.207729
4.23 0.210883
4.24 0.214128
4.25 0.218207
4.26 0.223078
4.27 0.228222
4.28 0.233197
4.29 0.237913
4.3 0.242554
4.31 0.247311
4.32 0.252183
4.33 0.256912
4.34 0.261052
4.35 0.264043
4.36 0.265267
4.37 0.264161
4.38 0.260658
4.39 0.256012
4.4 0.253201
4.41 0.255344
4.42 0.2628
4.43 0.272804
4.44 0.28215
4.45 0.28916
4.46 0.293572
4.47 0.295764
4.48 0.296293
4.49 0.295782
4.5 0.294908
4.51 0.294335
4.52 0.294541
4.53 0.295623
4.54 0.297226
4.55 0.298671
4.56 0.299183
4.57 0.298104
4.58 0.295112
4.59 0.2905
4.6 0.285408
4.61 0.281659
4.62 0.280994
4.63 0.284137
4.64 0.290488
4.65 0.298639
4.66 0.30716
4.67 0.315093
4.68 0.322064
4.69 0.32811
4.7 0.333323
4.71 0.337527
4.72 0.340215
4.73 0.340779
4.74 0.338809
4.75 0.334258
4.76 0.327511
4.77 0.319487
4.78 0.311814
4.79 0.306676
4.8 0.305766
4.81 0.308985
4.82 0.31455
4.83 0.320447
4.84 0.325461
4.85 0.329161
4.86 0.331505
4.87 0.332606
4.88 0.332711
4.89 0.332211
4.9 0.331579
4.91 0.331222
4.92 0.331311
4.93 0.331696
4.94 0.331962
4.95 0.331643
4.96 0.330433
4.97 0.328279
4.98 0.325459
4.99 0.322703
5 0.321207
5.01 0.322245
5.02 0.326331
5.03 0.332674
5.04 0.33966
5.05 0.345924
5.06 0.350918
5.07 0.354693
5.08 0.357418
5.09 0.359146
5.1 0.359915
5.11 0.359943
5.12 0.359665
5.13 0.359518
5.14 0.359643
5.15 0.359789
5.16 0.359548
5.17 0.358731
5.18 0.357563
5.19 0.356556
5.2 0.35617
5.21 0.356533
5.22 0.357401
5.23 0.35833
5.24 0.358882
5.25 0.358819
5.26 0.358245
5.27 0.357623
5.28 0.357578
5.29 0.35861
5.3 0.360897
5.31 0.364277
5.32 0.368305
5.33 0.37234
5.34 0.375752
5.35 0.378169
5.36 0.37962
5.37 0.38047
5.38 0.381165
5.39 0.381914
5.4 0.382532
5.41 0.382592
5.42 0.38177
5.43 0.380119
5.44 0.378094
5.45 0.376326
5.46 0.375305
5.47 0.375117
5.48 0.375397
5.49 0.375579
5.5 0.375316
5.51 0.374774
5.52 0.374614
5.53 0.375725
5.54 0.378809
5.55 0.383878
5.56 0.389982
5.57 0.39553
5.58 0.399076
5.59 0.399925
5.6 0.398248
5.61 0.394747
5.62 0.390097
5.63 0.384584
5.64 0.378417
5.65 0.372364
5.66 0.367459
5.67 0.363715
5.68 0.36008
5.69 0.356393
5.7 0.354268
5.71 0.355355
5.72 0.359823
5.73 0.366828
5.74 0.375158
5.75 0.383331
5.76 0.389903
5.77 0.393883
5.78 0.394885
5.79 0.393032
5.8 0.388794
5.81 0.38284
5.82 0.375975
5.83 0.369153
5.84 0.363383
5.85 0.359415
5.86 0.357507
5.87 0.357625
5.88 0.359796
5.89 0.364024
5.9 0.369929
5.91 0.376664
5.92 0.383226
5.93 0.388819
5.94 0.393044
5.95 0.395881
5.96 0.397531
5.97 0.398199
5.98 0.397922
5.99 0.396507
6 0.393641
6.01 0.389204
6.02 0.383697
6.03 0.378457
6.04 0.375101
6.05 0.374329
6.06 0.375377
6.07 0.376854
6.08 0.377921
6.09 0.378641
6.1 0.379607
6.11 0.381394
6.12 0.38422
6.13 0.387887
6.14 0.391988
6.15 0.396162
6.16 0.400253
6.17 0.404321
6.18 0.40855
6.19 0.413142
6.2 0.418225
6.21 0.423789
6.22 0.42967
6.23 0.435594
6.24 0.441241
6.25 0.4463
6.26 0.45048
6.27 0.453494
6.28 0.455057
6.29 0.454968
6.3 0.453345
6.31 0.45086
6.32 0.448487
6.33 0.44661
6.34 0.444583
6.35 0.441795
6.36 0.439112
6.37 0.43855
6.38 0.441335
6.39 0.446915
6.4 0.453945
6.41 0.461499
6.42 0.469281
6.43 0.477264
6.44 0.48534
6.45 0.493129
6.46 0.499928
6.47 0.504759
6.48 0.506487
6.49 0.504009
6.5 0.496699
6.51 0.485265
6.52 0.472623
6.53 0.463353
6.54 0.461057
6.55 0.465912
6.56 0.47507
6.57 0.484982
6.58 0.493222
6.59 0.498828
6.6 0.501766
6.61 0.502343
6.62 0.500887
6.63 0.49768
6.64 0.493038
6.65 0.487483
6.66 0.481866
6.67 0.47724
6.68 0.474355
6.69 0.473178
6.7 0.472983
6.71 0.472972
6.72 0.472774
6.73 0.472412
6.74 0.471954
6.75 0.471249
6.76 0.469986
6.77 0.467952
6.78 0.465265
6.79 0.462447
6.8 0.460287
6.81 0.459548
6.82 0.460593
6.83 0.463141
6.84 0.466287
6.85 0.468758
6.86 0.4692
6.87 0.466433
6.88 0.459867
6.89 0.450378
6.9 0.441172
6.91 0.436914
6.92 0.440302
6.93 0.449524
6.94 0.460034
6.95 0.468099
6.96 0.472314
6.97 0.473101
6.98 0.471881
6.99 0.470585
7 0.471046
7.01 0.473964
7.02 0.478306
7.03 0.481987
7.04 0.483189
7.05 0.481227
7.06 0.476917
7.07 0.472573
7.08 0.471108
7.09 0.474126
7.1 0.480801
7.11 0.488971
7.12 0.496925
7.13 0.503999
7.14 0.510137
7.15 0.515352
7.16 0.519556
7.17 0.522678
7.18 0.524822
7.19 0.526259
7.2 0.52725
7.21 0.527888
7.22 0.528124
7.23 0.527987
7.24 0.527752
7.25 0.527901
7.26 0.528867
7.27 0.530764
7.28 0.533301
7.29 0.535932
7.3 0.538091
7.31 0.539372
7.32 0.539604
7.33 0.538843
7.34 0.537346
7.35 0.535559
7.36 0.534102
7.37 0.533636
7.38 0.534567
7.39 0.536769
7.4 0.539671
7.41 0.542713
7.42 0.545726
7.43 0.54877
7.44 0.551637
7.45 0.553614
7.46 0.553782
7.47 0.551576
7.48 0.547252
7.49 0.542061
7.5 0.537776
7.51 0.535513
7.52 0.534806
7.53 0.534058
7.54 0.531864
7.55 0.527794
7.56 0.522278
7.57 0.516175
7.58 0.510542
7.59 0.506515
7.6 0.504958
7.61 0.505943
7.62 0.508631
7.63 0.511771
7.64 0.514304
7.65 0.51561
7.66 0.515374
7.67 0.513361
7.68 0.5093
7.69 0.502928
7.7 0.494226
7.71 0.483859
7.72 0.473589
7.73 0.465814
7.74 0.461965
7.75 0.461318
7.76 0.461894
7.77 0.462298
7.78 0.462442
7.79 0.462894
7.8 0.463967
7.81 0.465435
7.82 0.466847
7.83 0.467876
7.84 0.468423
7.85 0.468541
7.86 0.468344
7.87 0.467943
7.88 0.467423
7.89 0.466826
7.9 0.466155
7.91 0.465365
7.92 0.464365
7.93 0.463032
7.94 0.461235
7.95 0.458923
7.96 0.456244
7.97 0.453654
7.98 0.451839
7.99 0.451332
8 0.452064
8.01 0.453288
8.02 0.454096
8.03 0.45413
8.04 0.453963
8.05 0.454777
8.06 0.457465
8.07 0.461918
8.08 0.467218
8.09 0.472375
8.1 0.476799
8.11 0.480245
8.12 0.482539
8.13 0.483407
8.14 0.482568
8.15 0.4801
8.16 0.476926
8.17 0.474915
8.18 0.476051
8.19 0.481013
8.2 0.488673
8.21 0.49706
8.22 0.504571
8.23 0.510395
8.24 0.514384
8.25 0.516797
8.26 0.518042
8.27 0.518471
8.28 0.518344
8.29 0.517925
8.3 0.517451
8.31 0.517006
8.32 0.516555
8.33 0.516186
8.34 0.516163
8.35 0.51666
8.36 0.517545
8.37 0.518563
8.38 0.519693
8.39 0.521222
8.4 0.523425
8.41 0.526261
8.42 0.529345
8.43 0.532004
8.44 0.533464
8.45 0.533424
8.46 0.532458
8.47 0.531485
8.48 0.530804
8.49 0.529914
8.5 0.528351
8.51 0.526786
8.52 0.527244
8.53 0.531593
8.54 0.539637
8.55 0.549372
8.56 0.558784
8.57 0.566783
8.58 0.572968
8.59 0.577242
8.6 0.579657
8.61 0.580383
8.62 0.579687
8.63 0.577876
8.64 0.575222
8.65 0.571865
8.66 0.567754
8.67 0.562735
8.68 0.556914
8.69 0.551208
8.7 0.547575
8.71 0.548112
8.72 0.553387
8.73 0.561763
8.74 0.570614
8.75 0.577972
8.76 0.583191
8.77 0.586589
8.78 0.588739
8.79 0.589949
8.8 0.590233
8.81 0.589581
8.82 0.588171
8.83 0.586358
8.84 0.584618
8.85 0.583665
8.86 0.584501
8.87 0.587846
8.88 0.593355
8.89 0.599801
8.9 0.606173
8.91 0.61231
8.92 0.618466
8.93 0.62449
8.94 0.629405
8.95 0.631595
8.96 0.629423
8.97 0.62214
8.98 0.610882
8.99 0.598904
9 0.590081
9.01 0.586632
9.02 0.58825
9.03 0.593285
9.04 0.600854
9.05 0.611298
9.06 0.624327
9.07 0.637959
9.08 0.649774
9.09 0.658337
9.1 0.663357
9.11 0.665211
9.12 0.664587
9.13 0.662273
9.14 0.658963
9.15 0.655033
9.16 0.650512
9.17 0.645398
9.18 0.640108
9.19 0.635729
9.2 0.633732
9.21 0.634847
9.22 0.63779
9.23 0.639904
9.24 0.639477
9.25 0.636988
9.26 0.634292
9.27 0.633205
9.28 0.634951
9.29 0.640151
9.3 0.64836
9.31 0.658078
9.32 0.667916
9.33 0.677136
9.34 0.685194
9.35 0.69161
9.36 0.696212
9.37 0.699054
9.38 0.700027
9.39 0.698717
9.4 0.694781
9.41 0.688475
9.42 0.68088
9.43 0.673826
9.44 0.669832
9.45 0.671456
9.46 0.679141
9.47 0.689919
9.48 0.699703
9.49 0.70633
9.5 0.709954
9.51 0.711663
9.52 0.71237
9.53 0.712758
9.54 0.713792
9.55 0.716692
9.56 0.721903
9.57 0.728226
9.58 0.733453
9.59 0.735812
9.6 0.734837
9.61 0.731329
9.62 0.726794
9.63 0.722722
9.64 0.720127
9.65 0.71954
9.66 0.720869
9.67 0.722687
9.68 0.722238
9.69 0.717423
9.7 0.709406
9.71 0.702782
9.72 0.701317
9.73 0.703704
9.74 0.706286
9.75 0.708407
9.76 0.712269
9.77 0.719057
9.78 0.727272
9.79 0.734095
9.8 0.736974
9.81 0.734241
9.82 0.725087
9.83 0.709444
9.84 0.688875
9.85 0.668581
9.86 0.656056
9.87 0.653524
9.88 0.655195
9.89 0.655186
9.9 0.653646
9.91 0.654484
9.92 0.659994
9.93 0.66921
9.94 0.679862
9.95 0.690009
9.96 0.698458
9.97 0.704483
9.98 0.707319
9.99 0.705934
