1.27415
1.96284
3.40677
4.7432
5.73594
6.46656
7.03963
7.43641
7.66992
7.81613
7.84769
7.17371
5.94599
5.82816
5.74749
5.87456
5.80895
6.27751
6.42932
6.15789
6.04035
6.13179
6.52284
6.8753
7.22187
7.43605
6.6223
6.56381
6.29879
6.23304
6.44587
6.37859
6.13952
6.33992
6.66901
6.83512
6.7172
6.56237
6.59512
6.42945
6.23234
6.48804
6.46223
6.44061
6.45787
6.09249
6.21555
6.43859
6.31196
6.6334
6.72453
7.04994
6.74982
6.03728
5.934
6.28962
6.29406
6.21785
6.51521
6.79304
6.60932
6.07805
5.71017
5.99048
6.29559
6.31224
6.4619
6.59407
6.51394
6.71293
6.86338
7.19152
7.25595
7.00377
6.98227
6.50843
6.47415
6.67787
6.47994
6.34216
6.21178
6.2767
6.28426
6.06501
6.18508
6.61874
6.32382
5.88913
6.07288
6.12711
5.73476
6.07865
6.99639
6.73748
6.40067
6.88745
7.2709
6.89784
6.54398
6.40057
6.38255
6.30278
5.9969
6.46935
6.62633
6.17111
6.11554
5.98199
5.75447
6.25409
6.54039
6.87097
6.9006
6.61605
6.46387
6.56627
6.91712
6.92469
6.73028
6.68699
6.44667
6.53175
6.42832
5.95959
6.17778
6.82162
6.82836
6.40285
6.17663
6.60705
6.94404
6.77914
6.58878
6.51331
6.31412
6.21042
6.28434
6.39517
6.30672
6.238
6.57544
6.769
6.84682
6.73261
6.20374
6.26299
6.42002
6.11948
6.12198
6.49946
6.82645
7.12159
7.00678
6.77142
6.80255
7.25422
7.27737
7.02765
6.81624
6.90847
6.80995
6.85631
6.65727
6.18704
6.57335
6.55629
6.4469
6.42892
6.50168
6.2337
6.01001
6.73099
7.06962
6.87517
7.06692
6.91913
6.5015
6.48551
6.4423
6.0705
5.80544
6.18781
6.47033
6.41697
6.40757
6.25417
6.50707
6.26395
6.07935
6.41272
6.15704
5.6932
6.08836
6.41562
6.14426
6.26187
6.88943
6.89941
6.6952
6.67211
6.4979
1.47845
2.24388
2.84798
3.15014
3.13948
3.0282
2.97041
3.03589
2.99712
2.9363
2.90697
2.89008
2.89163
2.86913
3.02203
3.12749
3.25964
3.25436
3.14049
3.34308
3.49838
3.47175
3.40941
3.301
3.09481
2.91307
2.90216
2.99867
3.09742
3.15037
3.16533
3.21917
3.33584
3.36132
3.28526
3.22334
3.09317
2.97216
3.04381
3.19886
3.17584
3.11822
3.28162
3.30302
3.13442
3.01405
3.01682
3.07436
3.18776
3.26888
3.25683
3.25376
3.12896
3.00015
3.00361
3.03848
2.93695
2.64594
2.53385
2.70346
2.89567
2.90518
2.70031
2.80237
3.20569
3.40623
3.2397
2.99397
2.91477
2.86262
2.90994
3.06863
3.21995
3.29356
3.25211
3.14783
3.05671
2.98313
2.88502
2.88627
3.03777
3.19059
3.28823
3.20026
2.9755
2.97639
3.14492
3.25454
3.24181
3.08413
2.87746
2.77247
3.00102
3.37016
3.5076
3.38448
3.13163
2.9086
2.85508
2.92245
3.08179
3.26828
3.27918
3.14627
2.99665
3.04661
3.2088
3.26524
3.17748
2.93305
2.72802
2.76919
2.97849
3.21479
3.34513
3.20687
2.88313
2.70387
2.70712
2.77763
2.81069
2.91966
3.0798
3.05983
2.87186
2.92885
3.11958
3.16857
3.08856
3.04364
2.95898
2.80643
2.7374
2.78919
2.81508
2.75933
2.81883
3.09468
3.42637
3.56473
3.44786
3.1552
2.98256
2.96345
2.95852
2.92062
2.91009
3.09302
3.29708
3.31846
3.14765
2.79444
2.70997
2.88416
3.14116
3.37842
3.42633
3.32625
3.13048
2.90109
2.85469
3.08573
3.43807
3.58545
3.48971
3.36356
3.2146
3.07622
3.04574
3.13619
3.24897
3.38008
3.47307
3.4032
3.20033
3.03429
3.05978
3.07667
3.08028
3.18966
3.32061
3.2945
3.16541
3.13442
3.21185
3.42121
3.48378
3.27837
2.97375
2.90401
3.03377
3.13788
3.16191
3.07494
2.97795
2.89768
2.84924
2.80095
2.77125
2.8769
1.31934
1.79665
2.08816
2.16179
2.11325
2.02434
1.99709
2.11032
2.29832
2.37697
2.19343
1.90626
1.82669
1.92126
2.00674
2.05859
2.13177
2.1858
2.15549
2.06167
1.95336
1.86684
1.86699
1.88873
1.89561
1.95538
1.97506
1.87645
1.79209
1.88187
1.9892
1.99892
1.95102
1.89521
1.87489
1.94931
2.0886
2.17438
2.15532
2.04933
1.91657
1.82017
1.77725
1.7454
1.68384
1.64344
1.73901
1.93506
2.06197
2.08241
2.03617
1.96711
1.91658
1.90719
1.89592
1.84002
1.76487
1.71255
1.68786
1.67802
1.70965
1.73948
1.71373
1.72162
1.80203
1.85709
1.86364
1.88606
1.93462
1.98175
1.97803
1.8873
1.80834
1.87351
2.03203
2.13059
2.11584
2.02512
1.92875
1.92565
1.99551
2.02218
1.98444
1.91131
1.87462
1.85478
1.80526
1.82856
1.87344
1.84479
1.7913
1.77994
1.80831
1.88511
1.97654
2.02407
2.00751
1.91482
1.84403
1.82933
1.82019
1.81449
1.85313
1.95213
2.03097
2.01902
1.9502
1.918
1.94658
1.9602
1.93171
1.94474
2.05637
2.13328
2.09597
1.99778
1.89606
1.81899
1.81617
1.90453
2.03328
2.12529
2.14374
2.11706
2.09115
2.04818
1.96361
1.87496
1.80425
1.75712
1.74509
1.76999
1.84511
1.9792
2.11693
2.18146
2.14333
2.02434
1.92317
1.89854
1.88482
1.84599
1.82429
1.83443
1.83632
1.81328
1.822
1.85774
1.82508
1.75658
1.81746
1.98026
2.07115
2.04576
1.95672
1.8775
1.84871
1.84701
1.87324
1.8714
1.86107
1.9006
1.91402
1.82291
1.66056
1.53739
1.57309
1.74857
1.91204
1.99896
2.04888
2.06374
2.01544
1.94037
1.8863
1.85899
1.86279
1.94631
2.06165
2.12235
2.13623
2.1119
2.05732
2.01135
1.96123
1.87216
1.78597
1.74926
1.77036
1.84867
1.87957
1.85746
1.92038
2.00926
2.00124
1.93737
1.92977
1.96972
1.9667
1.88458
0.9776
1.05125
1.13869
1.20366
1.27392
1.35436
1.42027
1.46231
1.4838
1.48543
1.45807
1.40791
1.38444
1.41914
1.45264
1.43669
1.41735
1.41866
1.41699
1.42128
1.45459
1.52062
1.58182
1.59504
1.55075
1.48642
1.47013
1.50456
1.53268
1.53667
1.53991
1.53616
1.50452
1.4413
1.36538
1.30458
1.27508
1.27594
1.29486
1.31882
1.33819
1.33797
1.31589
1.29919
1.31097
1.36819
1.47324
1.569
1.61194
1.62642
1.64502
1.65338
1.61689
1.54819
1.47405
1.42625
1.38786
1.34608
1.35953
1.44888
1.56316
1.64027
1.64151
1.56755
1.47175
1.43373
1.44613
1.4402
1.41899
1.42285
1.44718
1.45048
1.41263
1.36324
1.35784
1.4249
1.53108
1.60871
1.60585
1.53633
1.47064
1.44993
1.44273
1.41785
1.40372
1.44907
1.54193
1.61959
1.62847
1.56103
1.50565
1.50848
1.49105
1.44647
1.42394
1.43635
1.44566
1.40487
1.30793
1.21756
1.22116
1.30496
1.37375
1.38548
1.37059
1.38735
1.45076
1.52366
1.57011
1.5725
1.5345
1.48011
1.44309
1.44806
1.49247
1.54596
1.56076
1.51077
1.43653
1.41169
1.42612
1.40599
1.38812
1.47839
1.56841
1.56163
1.5229
1.51434
1.53838
1.55311
1.53865
1.51662
1.50526
1.47403
1.38714
1.29887
1.31818
1.42494
1.50402
1.52195
1.50314
1.47987
1.48711
1.54037
1.60629
1.62905
1.59499
1.53812
1.49299
1.46833
1.46082
1.4626
1.45555
1.43519
1.41726
1.41885
1.4439
1.47343
1.49488
1.5046
1.49924
1.48274
1.46266
1.45994
1.48855
1.52599
1.55404
1.57789
1.60433
1.6122
1.58071
1.52204
1.46313
1.4179
1.36424
1.29446
1.26374
1.31477
1.39086
1.40898
1.36468
1.30978
1.28933
1.34015
1.42293
1.44035
1.36359
1.27765
1.28742
1.38496
1.49702
1.58461
1.64451
1.67385
1.65468
1.57741
1.49425
1.49941
1.59008
1.65325
1.00663
1.00626
0.995511
0.970022
0.958649
0.988866
1.04984
1.11365
1.16434
1.20132
1.22004
1.20621
1.16633
1.13095
1.10482
1.08109
1.07193
1.08807
1.11768
1.13246
1.11686
1.07742
1.03395
1.00602
0.987111
0.959231
0.924643
0.906238
0.921815
0.957444
0.985589
1.01136
1.06385
1.14888
1.24203
1.30493
1.30182
1.22495
1.11194
1.02303
1.00385
1.06663
1.16331
1.2271
1.24546
1.23819
1.21686
1.1901
1.17057
1.15681
1.13851
1.11543
1.09739
1.10148
1.12463
1.13338
1.10577
1.04892
0.988665
0.947135
0.927752
0.919912
0.917892
0.933915
0.974217
1.02625
1.0788
1.12934
1.17019
1.18822
1.18032
1.1586
1.13363
1.09723
1.06225
1.06566
1.09022
1.10683
1.12
1.14093
1.17657
1.20372
1.19234
1.15113
1.12225
1.12324
1.13515
1.15752
1.19496
1.22079
1.1993
1.12635
1.03782
0.989625
1.00929
1.05644
1.08457
1.09115
1.09693
1.13074
1.19495
1.24792
1.25149
1.20679
1.16001
1.15994
1.18512
1.18254
1.14265
1.09768
1.07885
1.08604
1.10185
1.12246
1.15455
1.18258
1.17803
1.15063
1.13593
1.13768
1.1295
1.10443
1.09351
1.11345
1.13566
1.12435
1.07401
1.03754
1.07524
1.15189
1.1937
1.18139
1.1396
1.09363
1.0573
1.0497
1.06728
1.08845
1.1076
1.11956
1.12117
1.11964
1.11973
1.12384
1.13917
1.15631
1.15517
1.14981
1.17712
1.2446
1.30758
1.31224
1.25597
1.17937
1.10465
1.04109
1.01145
1.02226
1.06559
1.13673
1.21471
1.26616
1.27759
1.26413
1.24847
1.24565
1.2561
1.26682
1.27297
1.27678
1.27195
1.25264
1.2214
1.18769
1.16386
1.15554
1.16346
1.1856
1.20412
1.19058
1.14012
1.09008
1.07814
1.08439
1.07665
1.06537
1.06551
1.05984
1.02052
0.960829
0.937038
0.979401
1.06477
1.14986
1.1896
1.1629
1.09736
1.04192
1.02042
