0.978776
0.934366
0.82432
0.67788
0.518972
0.386313
0.312183
0.3007
0.331701
0.379069
0.42333
0.454802
0.471669
0.47674
0.474629
0.469896
0.465994
0.464986
0.468008
0.475725
0.488164
0.50433
0.522016
0.538068
0.549361
0.553936
0.551477
0.543462
0.533315
0.525222
0.521523
0.522039
0.525564
0.530918
0.537012
0.542675
0.546828
0.548751
0.548052
0.544705
0.539522
0.534275
0.530942
0.530505
0.532785
0.537125
0.542159
0.545836
0.546707
0.544856
0.5415
0.538034
0.535423
0.534049
0.533707
0.533828
0.533972
0.534005
0.533816
0.533143
0.531917
0.530726
0.530537
0.531638
0.533033
0.533103
0.530536
0.52463
0.516119
0.508142
0.505049
0.509508
0.520732
0.534941
0.54721
0.553758
0.553644
0.548926
0.543105
0.539021
0.537874
0.539337
0.542348
0.546398
0.551527
0.556919
0.560216
0.55894
0.552606
0.543055
0.53284
0.523797
0.516922
0.512868
0.512102
0.514612
0.519511
0.524979
0.528979
0.530452
0.530028
0.529628
0.531074
0.53467
0.538885
0.541662
0.542228
0.541428
0.540392
0.539352
0.537884
0.535755
0.533025
0.529874
0.526751
0.5244
0.523327
0.523124
0.523032
0.523151
0.524334
0.527081
0.530947
0.534858
0.53798
0.540075
0.540978
0.540349
0.537973
0.534142
0.5298
0.526255
0.524773
0.526226
0.530334
0.535258
0.538784
0.539836
0.538601
0.535689
0.532172
0.530111
0.531015
0.533798
0.535829
0.535358
0.532466
0.528771
0.526485
0.526781
0.528693
0.529955
0.529051
0.52645
0.524335
0.525336
0.530742
0.539285
0.547885
0.55369
0.555547
0.554059
0.550709
0.546775
0.542275
0.536456
0.530067
0.526008
0.527009
0.532955
0.540649
0.546028
0.546898
0.544085
0.540122
0.537187
0.536346
0.537803
0.540769
0.543183
0.54254
0.537409
0.528589
0.519051
0.512419
0.51099
0.514947
0.52288
0.532102
0.539196
0.541725
0.539415
0.533828
0.527307
0.52184
0.51854
0.517882
0.519739
0.523044
0.526115
0.52774
0.984201
0.938356
0.873532
0.80778
0.758102
0.730409
0.722097
0.728128
0.743164
0.762128
0.779624
0.791099
0.795344
0.792964
0.784419
0.772782
0.764296
0.763177
0.768089
0.775268
0.782175
0.787734
0.790751
0.789623
0.783992
0.776545
0.771946
0.773091
0.779197
0.7874
0.794498
0.797719
0.796212
0.791618
0.786666
0.783773
0.783729
0.785452
0.786772
0.785694
0.78299
0.781023
0.780283
0.779853
0.779467
0.779377
0.779439
0.779444
0.778758
0.776739
0.774506
0.773651
0.775014
0.779369
0.786236
0.793592
0.800034
0.805421
0.809288
0.810007
0.806629
0.800466
0.794887
0.793412
0.796302
0.799865
0.800011
0.795495
0.787529
0.778056
0.770007
0.766538
0.768336
0.773674
0.780597
0.788137
0.795772
0.802447
0.80688
0.807934
0.804407
0.796254
0.785286
0.773821
0.764511
0.761381
0.766893
0.779064
0.794568
0.810577
0.823533
0.829548
0.826875
0.817106
0.802892
0.787295
0.775159
0.770861
0.775129
0.783987
0.791113
0.792793
0.790266
0.787847
0.787747
0.789625
0.793074
0.796443
0.79738
0.795649
0.792721
0.789454
0.785558
0.780745
0.776191
0.774291
0.77582
0.779091
0.782274
0.78429
0.784814
0.784204
0.782986
0.781186
0.777883
0.772497
0.766658
0.763636
0.765133
0.769852
0.775375
0.780544
0.78549
0.789967
0.793323
0.795037
0.794974
0.793831
0.792533
0.790899
0.788219
0.784744
0.781812
0.781196
0.783439
0.787311
0.791351
0.794713
0.797107
0.798472
0.798344
0.796573
0.794597
0.794455
0.796727
0.799918
0.801936
0.801628
0.798591
0.793015
0.786485
0.780716
0.775291
0.76789
0.757115
0.745992
0.7422
0.75122
0.771202
0.794068
0.809817
0.813963
0.810586
0.807234
0.807758
0.810602
0.812271
0.810589
0.806042
0.80003
0.792865
0.784254
0.774563
0.766284
0.764317
0.771752
0.785956
0.801182
0.813133
0.819834
0.820022
0.81312
0.800227
0.784696
0.772129
0.76811
0.77363
0.785075
0.798271
0.809884
1.00174
0.986497
0.960516
0.931148
0.902035
0.874698
0.852191
0.838502
0.835315
0.840782
0.851988
0.865462
0.876325
0.881465
0.88048
0.87501
0.868915
0.865606
0.867238
0.87297
0.878063
0.880349
0.882714
0.886689
0.891519
0.897645
0.905186
0.913872
0.923199
0.930547
0.932452
0.927336
0.917342
0.906787
0.897799
0.89
0.884554
0.884166
0.886943
0.887107
0.884242
0.88388
0.889434
0.899261
0.910022
0.918349
0.92178
0.919866
0.91283
0.901605
0.888915
0.878006
0.872504
0.87459
0.881216
0.886173
0.886463
0.884739
0.885744
0.889773
0.893282
0.896714
0.899905
0.900735
0.901144
0.90119
0.898884
0.892992
0.885213
0.881558
0.885224
0.89136
0.894064
0.892758
0.889946
0.888318
0.889318
0.891142
0.891965
0.89396
0.898294
0.902724
0.904505
0.901399
0.892672
0.880925
0.871272
0.866983
0.868303
0.873159
0.877029
0.877027
0.874153
0.870985
0.871903
0.881082
0.896791
0.913454
0.925906
0.929786
0.92385
0.91276
0.903683
0.899877
0.900407
0.903152
0.90607
0.908886
0.91193
0.913139
0.909827
0.901564
0.889778
0.876368
0.865524
0.863951
0.873482
0.886774
0.89525
0.895672
0.889906
0.884236
0.882757
0.884452
0.889537
0.898658
0.908991
0.916041
0.917548
0.91265
0.902146
0.891846
0.888704
0.893912
0.904449
0.914711
0.917668
0.912474
0.90495
0.900278
0.897635
0.893707
0.887557
0.880935
0.876415
0.874678
0.875153
0.876949
0.877923
0.877794
0.879915
0.884931
0.887769
0.885253
0.881797
0.883531
0.88979
0.894674
0.893987
0.889014
0.884786
0.882657
0.880197
0.87735
0.873931
0.869375
0.866311
0.867799
0.873319
0.880547
0.888699
0.898279
0.908655
0.91602
0.914486
0.902014
0.883576
0.869004
0.864963
0.86869
0.872499
0.872112
0.870724
0.874406
0.884278
0.895779
0.903749
0.90626
0.90554
0.90518
0.905356
0.903739
0.899558
0.89362
0.887901
0.884567
0.884155
0.885537
0.886967
0.887659
0.99573
0.984569
0.970689
0.956493
0.94464
0.940206
0.945107
0.953608
0.958767
0.960323
0.961419
0.961664
0.958253
0.952104
0.948297
0.949565
0.955384
0.964143
0.972668
0.976495
0.973775
0.966921
0.958948
0.952513
0.950324
0.951935
0.952858
0.948005
0.937163
0.9266
0.921521
0.920923
0.9227
0.925863
0.931019
0.938727
0.9476
0.955654
0.96163
0.964745
0.963672
0.955977
0.942275
0.9294
0.924396
0.929127
0.942716
0.958582
0.967089
0.964321
0.953851
0.942172
0.935513
0.934716
0.934467
0.932044
0.929353
0.929797
0.936153
0.946427
0.955102
0.959332
0.958433
0.951945
0.940973
0.931023
0.927361
0.92888
0.933865
0.943454
0.955371
0.964722
0.969523
0.968534
0.961601
0.953161
0.946414
0.940602
0.936575
0.937118
0.941895
0.948858
0.956861
0.962899
0.965075
0.966762
0.971044
0.974756
0.971069
0.95873
0.944167
0.934112
0.931865
0.937337
0.947389
0.958495
0.967463
0.970375
0.965224
0.954457
0.943785
0.939109
0.942257
0.948776
0.954851
0.960844
0.966926
0.970485
0.968483
0.961556
0.953484
0.947049
0.942731
0.941385
0.944727
0.951437
0.95684
0.957706
0.953519
0.946275
0.939504
0.937119
0.940601
0.945742
0.94709
0.944944
0.942896
0.942221
0.94146
0.94032
0.939324
0.938682
0.940019
0.94375
0.946535
0.94577
0.942262
0.937767
0.936214
0.94311
0.957758
0.973102
0.983493
0.987344
0.986452
0.983307
0.978167
0.971542
0.96437
0.955891
0.946408
0.93832
0.934708
0.93862
0.948896
0.959308
0.965201
0.967249
0.967032
0.96495
0.961521
0.95699
0.951573
0.946975
0.944149
0.941604
0.938528
0.935435
0.932493
0.929249
0.927541
0.929835
0.937179
0.948416
0.960237
0.968167
0.968227
0.959709
0.945716
0.932052
0.925209
0.928129
0.937561
0.947763
0.954807
0.958142
0.961071
0.966717
0.977481
0.993115
1.00602
1.00626
0.989678
0.961404
0.932576
0.914439
0.912916
0.925606
0.945102
0.962966
1.00664
0.998269
0.981457
0.966575
0.96239
0.968803
0.978797
0.98746
0.993723
0.997766
0.998352
0.992493
0.979578
0.963462
0.94944
0.94003
0.934826
0.935397
0.943784
0.958899
0.976767
0.992444
1.00162
1.00066
0.989462
0.972893
0.957443
0.947481
0.944126
0.94599
0.950335
0.954114
0.956717
0.95981
0.961413
0.957412
0.950432
0.949692
0.962984
0.987758
1.01028
1.01977
1.01386
0.99658
0.977541
0.967098
0.968633
0.97754
0.988528
0.99717
0.999059
0.993308
0.9828
0.97084
0.960914
0.956143
0.955051
0.955287
0.956323
0.958005
0.960919
0.965711
0.971104
0.974558
0.973434
0.965869
0.955953
0.952322
0.956328
0.962199
0.96659
0.969245
0.968855
0.963939
0.958136
0.956316
0.958763
0.96173
0.959792
0.950913
0.939666
0.933329
0.934038
0.939773
0.949676
0.961891
0.971064
0.972729
0.96926
0.967948
0.972137
0.978332
0.983112
0.988169
0.996327
1.00563
1.01282
1.01738
1.0194
1.01835
1.0121
0.998158
0.979798
0.965495
0.958956
0.956565
0.954135
0.95071
0.946932
0.944948
0.949175
0.962278
0.97886
0.988244
0.985515
0.974799
0.963529
0.956978
0.957132
0.963247
0.972551
0.981702
0.988485
0.993188
0.996824
0.997547
0.993194
0.985281
0.976004
0.965588
0.957195
0.95506
0.956487
0.955814
0.951803
0.947794
0.949194
0.957446
0.969832
0.983229
0.992311
0.99325
0.986904
0.978498
0.973359
0.972246
0.974451
0.980326
0.989167
0.997675
1.00083
0.998611
0.996909
1.00013
1.00667
1.01286
1.01655
1.01695
1.01398
1.00598
0.990765
0.971845
0.95506
0.943209
0.940548
0.948468
0.95957
0.965042
0.962428
0.954448
0.944653
0.935755
0.931344
0.935164
0.947704
0.96437
0.977908
0.983141
0.979813
0.973292
0.969338
0.969342
0.972703
0.979344
0.987853
0.992791
0.988858
0.977193
0.963559
0.954083
0.954615
0.964474
0.974659
0.978831
0.977053
0.973211
0.971337
0.972109
0.974946
